1nnnx. 167

111111110οΙ, 1, 34 1101010111, 10,23 fortuna 1, 5, 21. 68 ΙΙ,2,31;3,23. “
1111011010 117,8,29 51,9,7 ΙΙΙ,1,49.104.125,7,32

1101110111,2,37 ΙΙῙ,3,7.29,4,5,6,7,9,121,12,5

11001010 ΙΙ, 9, 58 1100101, 2, 118 fortunae Ι, 7, 62, 9, 16 ΙΙ, 7, 15.
1100111, 6, 44 ΙΙ, 3, 68, 7, 78 IV, 41 ΠΙ, 9, 30 IV, 4, 10 fortunae
9,133 ΙΙ,1,6,6,23,7,20 fortunam Ι,

110111οΙ,8,3 ΙΙΙ, 1,103 1100111,2, 6, 13 ΙΙ, 9,13 ΙΙΙ, 1, 152;6,49
49, 4, 53 11011111,4,53 flentem IV, 8, 16 1111100111,3,10111,1,
Ι, 9,17 1101101111,1,102 8,4, 110 IV, 6, 39,9, 90

fletu ΙΙΙ, 1, 157 1011000110 (abl.) 111 , 5, 54

1101111 ΙΙ,3,26 10111101,8.60 1ο1111,1,42117,16,42

1101011111, 7, 26 1010(11)ΙΙῙ,6,10, 15,16 1ο1ο(0111.)1,

00111100 ΙΙΙ, 4,’63 7, 30 ΙΙΙ, 7, 8 1010 Ι, 8, 35 ΙΙ,4, 13

1101010011,15,27 11010100 (0.) IV, f0350,1‚6‚31 ’
10, 15 1111111115111. 11311 5, 0111111111, 11, 1 1111111111, 10, 10
ῗῖ ῙῙῘ1 41 92 1111 5143 fragili (abl.) I,4, 35

flu1th,n,20 1111111411 00004 frangit ΙΙΙ,8, 11 frangat I, 4,12

¹12993² ' frangor1,2. 61 110010 (11)Ι, 10,
11100051111111- , 39 1111111111101
f00081,1,52 lV,8, 42 100181,3, frater1‚7,3l; 9'18 11’2'97 ΠΙ,

1011111111111, 0,0 11111111, 0, 00 ᾗ ,09919093099009 909 0999919991 .

1001100111, 1, 73 foederis 11, 9, 63
foedera 11, 5, 60 IV, 13, 43

folio IV, 3, 33

1010001101,3,44 ΙΙ,3, 94 b Ι

1111111, 2, 41 011111 1111, 10 11,1, s 9009119091,οΙῑὸ 99
18 1011100111, 1, 17 100100 (aco.) ‘³⁹¹ ¹5⁷ ' ’

,οῇξᾷξῖ 80ἒέ1111110,οῡ 11311111111151711,113 111, 9, 00

FontanuoIV 16 35 ΠῙ1 21131 l2‚24; 13027
1010101001 1' 45' 41011001οῙ1, 6134
10101181(11111.)Ἰ17, 6, 29 fretum IV, 10, 46 fretum (noo.) Ι,
1001111108 “ 0,0011,0,10411,10,00 frea

0111110011 11, 0, 00 on 111,1, 11111 1111151 1711186 freto
ao, 1, 00 formam111,1,117 11, (1111110153 freta 1411111111.
10, 39 15 1v, 5,42, 10, 32

,1110111011ῑῆ 0, 00 formidatis 1, 1119091ἕῖ399)ῐῶ 1919139 9910111111 1115
014 ‚ .

1011110100 (0.) ΙΙΙ, 4, 25 formata 411300 (001) ῙῙῙ1 1, 1414136 1v,1o‚
(000. pl.) IV, 9, 27 formandos IV, 40314·13·27 11111011 Ῑ1 2, 25· 793
13‚43 3,31,1,11 11111 11100011,

formosa} 1, 10,12 9,Βῦ frigora (n) IV, 1233 fri·

forsan IV, 1, 27 3010 (10011) II, 4, 27

1011111111, 1, 10, a, 9; 9, 00, 0, 00 fronde 1. 1. ²²⁹? 1011111510) 1, 51
111000111010010,0141, 1111011911
0,0.30.100.101;10,14 , fronteIV‚.le.‚n 9

1111011101, 1, 10, 0, 10 11, 1, 00, 1, 1111111115115 11111151011111, 11
911195,οθ 1100101011,19,68 1111010111, 8,

11111011, 9, 01, 9, οο 111,1,111; a, 11 fructibus 114111 IV, 7» 17
41; 6, 333 99 54 fructus IV, 2, 31

10111 (0111.) Ι, 3, 62 101110 (0.) IV, 7, 11001 ΙΙΙ,5, 50 11110111,1, 12, 2,
32 1011111110(11)ΙΙΙ, 1, 91 fortia 60 ‘111,9‚3 1111010111,5,1811111
(000.) I, 4, 12, 8, 64 10111101 ΙΙΙ, Ι,- 1, 22, 4, 54, 8, 40 ΙΙ, 2, 90 ΙΙΙ,
7, 40 10111011, 3, 8 ΙΙ, 11, 22 5, 16, 7, 30 IV, 4, 44, 9, 70
10111110111,1,72 1011100100(000.) frugiferum II,l,15 ⁴
IV, 7, 29 101110011001,8,21 for· 110011οΙ,2,34; 3, 89
tissima (n. pl. 0.) III, 0, 31 fuga 1, 2, 128 ΙΙ, 7, 57 fugae 11, 2,

ΙΙΙ, 2, 9091 fratre Ι, 10, 37 ΙΙΙ,
3, 62 fratres (0.) 11,6, 16 110111-

 

1001 01110111,0,0111,0,00 · =

