158

corono coronatis ΙΙ, 1, 58

1111111147, 10,3 ΙΙ,7, 71, 11,
27 Ν, 4, 13, 7, 39 corporis ΙΙΙ,
1,142,3,3 Ν, 6, 38 corpore 1,
4,3,5,52,10,211ΙΙ,2,28 111-
pus 1, 4, 21. 51, 5, 5, 9, 47, 10, 4.
22 ΙΙ, 7, 16 ΙΙΙ, 1,112 Ν, 13, 26
corpora ΙΙΙ, 2, 31 corpora (111,)
14, 12 ΙΙ, 8, 58 ΙΙΙ-,1,12

corrigere ΙΙΙ, 9, 20. 22. 32 correxi
Ν, 12,25

corripis ΙΙ, 6, 5 correptius IV, 12, 13

corrumpant Ι, 5, 5 corrumpere IV,
12, 15

cortice I, 2, 32 Ν, 15,8

cothurnis 14, 16. 29

Cotta ΙΙ, 8, 2 ΙΙΙ, 2,1, 5, 6 Ν, 16. 41
Cottae (pl.) ΙΙΙ, 2, 107 Cottas
IV, 16,43

Coty ΙΙ, 9, 2. 38

Cous Coi IV, 1, 29 011 ΙΙΙ, 1, 58

crebro ΙΙ, 7, 40 Ν, 10, 48

credibile I, 4, 48 ΙΙ, 5, 16

11111 Ν, 3, 27 credis I, 5, 9, 6,19
ΙΙΙ, 6, 40 credit ΙΙ, 7, 12 oredi-
11111 8, 13 credam (1111.) ΙΙ, 4,
24 credet IV, 9, 46 1111111 Ι, 1,

INDEX.

cubitum ΙΙΙ, 3, 11

culpa I, 1, 61. 64, 6, 25, 26 ΙΙ, 2, 15,
3, 46,7, 51;9, 76 Ν, 1123 111-
pae (1) Ν, 6, 15 culpae (g) 11, 3,
86, 6, 7 11111111,1,53,7,39
culpi ΙΙΙ, 3, 74, 6, 28

culpatis IV, 14, 30 culpetur ΙΙΙ,
4, 77

111111 ΙΙ, 5, 66, 9, 64 1111111 Ι, 3,
55 111111111115

11111 1117, 69 Ν, 2, 44

curn (praep.) Ι, 2, 6, 2, 14. 25 bis 26.
49. 50, 4, 39. 55, 5, 21130. 39. 84,
6, 15, 7,60, 8, 24. 32, 9, 10.20.
29. 37 ΙΙ, 1, 2829. 38. 40, 2, 7.- 62.
79, 3, 10. 83, 4, 9, 76, 7, 74, 8, 1.
10. 45. 46. 63, 9, 21. 48 ΙΙΙ, 1, 81,
2,8,4, 67. 69;5,50.54,9, 22 Ν,
3,6,4,34.39,7,37,8,78;9,13.
90. 111,10,53,11, 10,12,48, 16,

cum (1.11111.)Ι, 1, 40. 58, 2, 27. 41.
59. 61, 3,27, 5, 15. 47, 85, 6, 11,
9,13.15,10,8 ΙΙ, 2, 22. 61. 115,
3,85,5,47,6,9,9,551111133.
135. 145, 2, 11, 28. 67, 3, 9. 79, 8,
4 IV, 5, 20. 27, 6,33. 41, 8, 36,

77 11111111 Ν, 6, 26 credideris 9, 71, 11, 19, 12, 28
Ι, 8, 29 Ν,9, 101 11111 Ι, 4, 10, 1111(1. 1111,)Ι,1,33.61.65;2, 11,
s, 31 11,5,1r;o,33;r,23;9,11 3, 39;5,33.53; 6,29. 33, 111,
111, 1, 61,4,99, 6,21 Ν, 2, 22, 9, 3142, 10, 15 11,1, 2148, 2.
10, 37, 12, 47 1111111 Ι, 5, 75 ΙΙ, 55, 3, 29. 73. 99, 5, 9. 24. 39. 57,
4, 5 Ν, 10, 35, 16, 21 eredenti· 13111119, 9,13, 10, 43, 11,
bus ΙΙΙ, 6, 5 111111 ΙΙΙ, 3, 58 ’10. 12 ΙΠ,1,67. 72143115. 9.
creditur I, 1, 59 ΙΙΙ, 2, 64 11111 39. 41. 102, 4, 15, 5, 13. 26, 6, 29.
ΙΙΙ,1,78 31. 39. 5739, 8. 31. 39. 41 Ν, 1,
1111111111Π,4,32 11, 4, 11. 33, 5, 5. 33, 6, 23, 9, 51, ‘
1111111 Ν, 2, 36 1111111111, 1, 14 10, 71, 12, 24, 13, 37, 16, 4. 31. 37
11111111111, 9, 22 111111 Ν, 6, 111151Π,6,12 Ν, 8, 28, 9, 29, 14, 24
24, 12, 40 Cumaeos ΙΙ, 8, 41
111111111123, 11,1 1111111(111.) 1111111115, 36 Ν, 12, 38
1113, 70.’75,9, 14 Ν, 1, 20, 3, 11111 (1111113, 72
1. 24, 14,42 11111111(111.)Ι, 7, 11111ο1Ν,14,19 11111111117,2,14
44 ΙΙ, 3, 91 ΙΙΙ, 1, 126,2, 22 Ν, 111111 (1.) Ι, 4, 34 111111111115
14, 29 ⁴ 1111111133583 ΠΙ, 7 ,4 Ν,
1111111111,3,15 7,39 cunctaI, 8, 34 ΙΙΙ, 1,14.
111111 (111.) ΙΙΙ, 3, 52, 4, 107 77, 3, 59. 86 Ν, 9, 46. 55, 16, 37
Croesi IV, 3, 39
1111111151111) ΙΙΙ, 2, 3

1111111 (abl.) I, 7, 7 ΙΙΙ, 1, 39
1111111111114, 51 cunctis (d)
11111111111, 2, 77 11111111 (1.) 1v, ΙΙΙ, 9, 16, 34

11, 8 1111111111 ΙΙΙ, 7, 17 cupido IV, 15, 31 cupidine II, 8, 71
1111111, 2, 119 cruda (n.) I, 3, 16 Cupidinis 1, 4, 41
11111111(1.1.11.)ΙΙΙ,8,20 1111111 cupidus I, 5, 35 cupidi III, 9, 26
Ἴ Ν, 16, 48 cupio II, 5,3 cupiuntIV,9,100

’ 1111111 ΙΙ, 9, 46 111111 ΙΙΙ, 2, 54 cupias ΙΙΙ, 1, 35, 7, 22 Ν, 4, 34

Ν,7, 36 111111111182 111111111139
11111(111.)Ι,6, 32 Ν, 2, 43, 9, 19 cupiens ΙΙΙ, 9,-17
1111111111 6, 38 IV, 15, 33

 

