170 10001.

46 ΙΙ, 4, 16, 9, 7. 1317. 21 ΙΙΙ, Ι, 5, 63 ΙΙΙ, 4, 91 Histro (0111.)
2, 87;3, 37. 57,9, 45 ΙΙΙ, 8, 74. 89, ΙΙ, 4,1 IV, 14, 11

9, 97 111110οΙ,2,100,5,32,7,8 1101110111,2,49

ΙΙ, 2, 117,8, 14 IV, 4, 22, 12, 17 Homerus 111, 9, 24 Homero (1011,
huic 1, 1, 53, 6, 36 ΙΙ, 5, 57 ΙΙΙ, 10, 13 Homerum IV, 2, 21

6, 9, 7, 23 IV, 10, 41, 12, 33 huno homini ΙΙ, 9, 39 hominem ΙΙ, 9, 39
ΙΙ, 1, 63, 8,19 ΙΙΙ, 3, 21 IV, 2, 13, 1100100011, 8, 61 1101010001,2,
5, 26, 9, 67, 10, 68 hano Ι, 2,137Ι 81 ΙΙ, 2, 85 ΙΙΙ, 3, 35 1101111000 Ι,
146,3,1, 4,57, 5,56,8,15,10, 2,120 11, 9, 35 IV, 14, 29

37 ΙΙ, 2, 3. 51, 3, 42, 11, 7 ΙΙΙ,,1 honestum (0 0)ΙΙ 3, 9

45 IV, 9, 2. 53 110,01 1, 2..616. 110001111, 2, 32 IV, 7, 16, 9, 14. 64,
19. 77, 2, 53, 3, 31 (1110)4 752, 12, 4. 40, 14, 52 1101101101, 9, 51

5,.2751,6,43,5611,,,166229. ΙΙΙ,,425,9,581100010111ΠΙ,4, ,

959799553575491719 99111967 honoreI,1,’:2811
11‚1.16; ΙΙΙ, l, 31. 33. 73. 74. 75. 1, 29,9, 23 IV, 9,· 34, 12, 3 hono-
83. 155, 3, 71, 6, 2, 5, 7, 39, 9, 6. res (000.) ΙΙ, 1, 59, 11, 21
54 ΙΙΙ, 6, 41, 7, 19, 9,113, 10, 30, 00001010 (d) IV, 5, 2 0000101518,
14, 60 hoo (abl.) I, 5, 69 ΙΙ, 5, 54, 22 1100011111οΗ, 2, 88
9, 8. 53 ΙΙΙ, 4, 34 IV, 12, 3.8,14, 1101οΙ,10,8 11,10,38 ΙΙΙ,1,160,
36 hao Ι, 7, 35 ΙΙ, 1, 12, 2, 86, 5, 3, 84, 5, 52 IV, 3, 50, 10, 68 ho·
17, 9, 79 ΙΙΙ, 1, 100, 2, 23. 47. 99. rae (n.) 11, 4, 11 110100 Ι, 5, 47
. 109,4,70.89,5,49 ΙΙΙ,2,21,8, 111,5,9 -
24,9,115,14,8 1111,1,75ΙΙ,7,110110111,2,28,7,8 110110011,3,
32 110οο(0. ,11)1, 2, 113, 3, 92, 16 ΙΙΙ, 1, 23 00110011111,7,55
Ι 59 931 ΙΙ, 2, 18, 5, 23, 10, 43 110111110(0,1”.),111 3, 18 IV, 10, 38
III,9, 41 17,4,14,9,125,14,1 11ο111110(00.,)111 3,17 liorritiior
horum 11 1,45; 10, 5 ΙΙΙ, 1, 29 I, 3, 84
11010101Ιῖ, 5, 27 ho'si,1,11 1,ΙΙ 1101101011, 7, 28 IV, 12, 23
8, 21 510. IV, 4, 37,,10, 19 11001, hortor horteris ΙΙ, 11, 22
4, 23, 6, 44, 10, 19 ,11, 9, 74 ΙΙΙ, 11011001, 8, 60 horto (0111.) ΠΙ, 4,
1,62.10417,9,116 1100011, 1, 63 IV, 15,7 110110οΙ, 8, 37. 43
- 8. 61 ΙΙ, 2, 93. 121. 123,3,91. 99, hospes I, 3, 74 ΠΙ,2,43 hospitibus
4, 24, 19,2 ΙΙΙ,1,154, 3,48.51. ((1) ΙΙΙ,9, 117 ’
65 79, 4,1,.6594, 5, 11. 15, 6,,41 hosp 11017, 9, 105, 14, 60
7,13, 8,.524 IV, 3, 55, 4, 49, 5, hosp 1110101, 8, 70 hos 1110 Ι, 1,3
45, 8, 543 9, 87. 123. 127, 10, 65. hospitus (d) 11 1, 24p
83, 13, 33. 37 100(0111)1 2, 17, 110011οΙ1, 9, 31 ΙΙΙ, 2, 83
4,43, 5, 54 ΙΙ,2, 85,9, 72 ΙΙΙ, 2, 1100110013 65
64, 3, 55, 4, 37, 5, 38, 9,1 ΙΙΙ, 5, 11001111 (0111111, 9, 56 ΙΙΙ, 1, 4
03, 3, 133, 10, 15 his (1) 11, 0, 33 131101, 2, 33, 3, 31 11. 3, 533 1, 10
ΙΙΙ. 2, 69, 3, 95 IV, 9, 75, 111 ΙΙΙ, 1, 8, 8, 6 17,.7, 26, 9, 93
1110 (01111.)Ι,3,51,7, 58, 8, 50. 69 ΙΙ, 1100101111, 8, 61 ΙΙΙ, l, 152 hoste
5, 19,10,29. 49 ΙΙΙ, 2, 37, 8, 13 I, 2, 69. 104, 7, 14 ΙΙ, 7, 68, 8,36
IV, 2, 37,8, 15, 9,56, 89. 93. 100, ΙΙΙ,1,2.25.151,8,20,9,4 IV. 3,
· 10, 31 1110 32. 45 38, 9, 82, ·13, 45, 14, 28 1100100111,
1110111001,2,24.26,7,12 ΙΙΙ, 10, ,10, 79 1100115001,2, 13 II,l,48
32. 38 11101011, 2, 24 hiemem 11, lv, 6. 35 110010οΙ1,1,44
7 59 . huoI, 3, 38· 9, 33 ΙΙ, 1,1,5,27 111,
1111011(0111.)ΙΙ,1,9 325· 4, 59, 5,55 IV, 2, 50, 8,2,
hilarauerit IV, 4, 37 10, 471110
1111101, 5, 71 11, 10, 27 ΙΙΙ, 5, 2 IV, humanum (n 0.),111 9, 84 humsno
231, 4, 20, 8,26, 10, 41 (011111, 3, 48 1111101100οΙ1, 2, 34
Hippotades IV 10, 15 111, 2, 92 humanis IV 3, 49
1111001001, 5, 74 11110010 111 5, 6 1010111117, 3, 40
1111001101Ιῖ, 14, 13 humusI, 2, 88, 3, 80, 4, 14, 5, 56 11,
Η10101Ι, 2, 79 ΙΙ, 2, 44 111,,3 23, 5,2 5,18 lli, 1, ”40 5,56 11110111((1)1,
1v2386457191022Hmr1 8,36110100101374117709,
Ι,8, 11 IV, 7, 111, 9, 76 Histrum 56. 78 humo (0111)12,108,5,34,

 

