15551. 197

Δ 15551517, 16, 9

155151, 7, 13 ΙΙ, 10 51 ΙΙΙ, 1, 27, 5,

3 17, 14, 49 regionis 111, 9, 37
15515551, 2, 75 ΙΙ,1,3 ΙΙΙ, 1, 85,
8,17 Ι7,10,29
regia Ι, 4, 39 ΙΙ, 9, 1. 11
regnati IV, 15, 15 Ι
15511559(555.)111, 2, 59, 3, 35 IV,
55555555555555

15, 31 15151,10,2 ΙΙ,3,5 Ι7,9,
95, 15, 13. 22 15111, 1,35 IV, 12, «
48 155 ΙΙΙ, 1, 103 151515 Ι, 2, 73,
10, 17 ΙΙ, 2, 12; 4, 29, 5, 29, 10,,
31 ΙΙΙ, 1, 1440, 4, 51 17, 1, 35, 4,

15, 5, 27, 9, 71 1511115 IV, 1. 23,
8, 26 155 11, 10, 41 rebus 1, 1,
l7 II, 2,45,3, 93,5, 25,6,19, 7, ,
53 ΙΙΙ, 2, 25,4,22. 41 Ι7,3,25.
49,5,22

1555155117, 12, 24 15551 IV, 5,17 rescribere IV, 16, 13
relega ΙΙ, 2, 7 1515551115 17,15, 2 -1555155511517, 4, 23

1515551515 17, 13, 40
relegendo ΙΙΙ, 5, 11
151555111,3, 11

resistis ΙΙ, 3, 51 resistit IV, 2, 18
resolue Ι, 2, 102.
15555515 IV, 9, 109

relinquo 111, 5, 55 relinquitlv,1a, 15551515Ι7,4,13 respicis II,3, 93

47 relinquam ΙΙΙ, 1,3 relinquant

1555155 1, ,9, 25

111, 2, 5 relinquet 1, 1, 75 reliqui respondet IV, 2, 15
Ι,4, 47 ΙΙΙ,9, 17 reliquitI, 3, 155111511111, 6, 37 restituisse 111.

73, 0, 35, 9, 15 relinquor ΙΙ, 3, 28

0, 36 restituendus (5155) IV, 13, 38

:ammemwmnmnmmmmmrmmme

relicta (555.)111, 4, 62 IV, 15,“18
15115115 ΙΠ, 5, 27

5551551 17, 2,·45 restabat 11,
, 0

remanes H, 4, 3 ΙΙΙ, 2, 6 remansit 1555155117, 8, 28 ,

1,6,30
remige ΙΙΙ, 1, l

retexit 1, 3, 30
1555151111, 9, 26 · 1

15151115 ΙΙ, 6,8 remisi IV, 2, 23 re· 1555115517,13,7

miserit 11, 2, 61

15115155115111, 6, 15

155515Α5;55155μ515555515155

15515115 (abl.) ΙΙΙ, 1, 21

renisam ΙΙΙ, 3, 81

remuslV,10,33 remo (abl.) ΙΙ,6. 155 IV. 14, 39 rei (g) ΙΙ,2, 52 155

37 1551551, 5, 40 155115 IV, 15, 28
1511555555 Ι, 2, 39
15551151 ΙΙΙ, 7, 34
1551111, 1, 37. 63, 7, 4 IV, 5, 13, 6,
12 1551ΙΙ,7,35 151511,5,3

(11) ΙΙ, 6, 8 151511, 2, 48 1555

15115511,111 555115,5155 “
regum lI, 9, 49 111, 4, 27 IV, 2,1 ’

regibus (abl l IV, 7, 6

1555115517, 1,19 1555511117, 3,40 RhenusIII,4, 108 Rhene Ill,4, 88

. repulsa 111, 1, 88

ridear IV, 12, 16

15551115111,1,3417,8,15 repe· 11551ἸΙ,7,72 115551Ι,2,21
11151111,9,43 15555111 ΙΙ,2,50 rigidam ΙΙ,2, 38 rigido IV, 7,8

1555115 (551) ΙΙ, 8, 29 ΙΙΙ, 1, 118
repertorem ΙΙ, 9, 44

1151115111, 3, 55

rigabas Il, ll, 9

repeto 1, 5, 42 15551551 ΙΙ, 10, 6 115517, 9, 76 - ripae (11118, 11
repetas 1, 5, 27 repetam 17,15, rite 111, 2, 65
37 1555155 IV, 4,41 15551115 111, ritus 111, 2, 79 1115 Ι,9,35

7, 33
15515511 17, 4, 19
repone Ι, 7, 67

1111511, 5, 22
15551 (aec.) IV, 8, 50
rogo 111, 1, 90, 4, 6 15555111, 6, 6,

reprehendat 111, 4, 78 reprehenditur 9, 14 IV, 3, 10 15551 Ι. 2, 149,

ΙΙΙ,9,5

1555151112, 41 IlI,3,7

requieuerit IV, 5, 27

requirit 17. 15, 2 require 17, 9, 87
requiret 17, 5, 11, 29

155 Ι, 5, 78,7,45 ΙΙ,2,50,5,3.5;
7, 37, 9, 11. 55. 63 Ill, 4, 48. 83.
10636,60;7.37;9,23 IV, 2, 32,
7,44;8,44. 50. 68,9,68, 10,81,

5,2 11, 2, 99 Ill, 1, 62 IV, 15, 34
roges I, 1, 13 ΙΙ, 9, 73 IV, 1, 27,
9, 52 1555117, 10, 65 15551, 2,
128, 8, 3 IV, 9, 82. 88 1555151,
10, 44 IV, 5, 45 rogare Ι, 6, 23
ΙΙ,3,100111,9,3 1555511111, 1, ·
87, 7, 1 rogante ΙΙΙ, 3, 79 1555-
1515 II, 5, 35 15555111, 9, 27 1ο-
5551117, 3, 41 rogatur ΙΙΙ, 1, 40

 

