mnnx.

111 ’

ΙΙ,5,26 11111111111111,10,24 ΙΙΙ, 1111111111,2,130 mensae (g) IV, 6,

emmnrwnanmmsm

47 mensae (11.)Ι, 10, 7

- 16, 50 1111111111 11, 5, 32 IV, 2, 40 1111111111, 3,6 Ι7,4,24
maternus 111, 2, 106 maternos IV, 111111111111111,2, l

16, 43
matertera I, 2, 139

1111111111(11111.)Ι7, 9, 35 1111111111,

nm

1111111111, 1, 59 1111111111, 8, 49 11111111(11)Π,3,39,6, 14 ·
Μ11111111111,9,26.27.50 Maxime Ι, mei) mesntI,2,80

2,1.67.114,5,2.9, 9,16.32 ΙΙ, 111111111Π, 3, 39 mercede II, 3. 35 ·

3, 1, 8,2 ΠΙ, 3, 2. 95, 5, 6. 33. 58, mergere ΙΙ, 3, 40 mergitur ΙΠ, 7,

8, 22 IV, 6, 9. 11
medicabilis Ι, 3, 25
medicina I, 2, 41, 3, 23

27 mergi ΙΙΙ, 6, 30 5111111151.)
ΙΙΙ, 1, 52

mergus Ι, 6, 52

11110111(11)1,3,92 medicum 111, 1, mereo merui I,1, 49, 5, 70 ΙΙ,8,

69 11111111 (abl.) Ι, 3, 17 rnedi-
111111111, 6, 35 medicsml.3,6

1111111115111(1151)Ι 5, 83

medii 1,111111 4, 45

1111111111, 1, '54 1110111117, 14, 9
11111111(1161.)Ι,7, 30 ΙΙΙ, 3, 6 IV.
9, 47 11111111ΙΙ 8, 12, 10, 50 ΙΙΙ,

. 67 179, 32 11111111112, 13 6
34ΙΙ,1,20;3,,28Ι78,28; 10,
70 1111011117, 7, 10, 14,0

MedusnI, 2, 35 36 111,1,124

mel (aee)IV 2,9

Μ11111111111117, 10, 54

¹ melierI,2, 141 11,11, 14 ΙΙ,Ι 2, 25

1111111111, 2, 47 1111111111, 3, 78,

11† 1111111111111, 2, 20, 6, 28 IV,
2, 46 meruisse I, 1, 54. 62, 7, 69.
70 IV, 1, 16 merenti ΙΙ, 2, 87
me ereris ΙΙ, 6, 31 meremur 17, 9,
89 mereare 111, l, 62 meritus
11111111, 8, 19 1111111111, 10, 43
ΙΙ,2, 19 11111111117,4,39 1111-
1111 (1(111.,)11 2, 107 Ι7,2

11111111111111111111 1111, 2, 11;0 11, 8 ΙΙΙ,

2, 27, 6, 10 IV, 5, 44 1111111,1111111
11, 9.11 17, 8, 6 1111111111, 3,
76 IV, 7, 16 1111111111, 6, 45 ΙΙΙ,
180171,4,1,211111111111.
6 6 IV 5, 39, 15 6

6, 9 ΙΙ, 9,15 IV, 15, 22 meiius 1111111111 ΙΙ 3, 20
1337119401117,2617,7,1111101,3,10
23 111111115111(1111)Ι79,9 Μ1111111117, 16, 43

MelisseIV,16‚ 30

mzmlgalll’, 10, 28 11,2,72;7,13111,

Μ11111111111111,2,83 Mess allinel, 7,

16,,71123

messis III, 1, 24 messem I, 5, 56

meminiI,2,133 Π,3, 100 IV, 11,3 111111111111111,1,12
meminisse 1, 7, 65 ’Π, 4, 6, 11, 4 5115111158, 5

ΙΙΙ, 6, 11 IV, 4, 10, 6, 50
Memnonis I, 4, 57 .
Memnonio III, 3, 96

1111111117, 15, 29 1111111111,·1, 23,

6,3 metues IV, 3, 52 metuens
ΙΙΙ, 2, 14, 6, 49

1111111111, 8, 17. 25 11,4;3 111, 1, 11111,111111 6, 55 metum II 7, 14

146 memorr HI 6, 51 memorem
ΙΙ,,,,”,,111111181112·1111-
15Η,5515Η55Μ
2, 30, 4, 18 IV, 5, 33

memorantie IV, 13, 1

mendax II, 4. 31 mendaci Ι, 6, 19
mendaeem I, 7, 35 ΙΙ, 9, 70

mendis (abl.) IV, 1, 13

11111111, 1, 67;5, 18. 52, 6, 12, 8, 34,
10, 38 ΙΙΙ, 3, 36. 103, 4, 50, 5
IV, 1, 7,9, 90 1111111,,111615 ΙΙ,
r,1r';’‚;‚„;‚87510111114276
26 IV, 11, 19 11111111, 3, 3 6
27 Π,3, 15 III, 5, 48 mentemI,
1751111111,’;1128,,.3762ΙΙ,

11515115111ς11

5515

ΙΙΙ, 6, 40 11111111, 2, 125, 3, 58
ΙΙΙ, 2, 1215 11111111(111)11,7,6
ΠΙ, 1, 25, 3, 83

meusI, 8, 41 ΙΙ, 7, 39 III, 2,21 IV,

9,14,12,18 111111,2,38. 145, 5,

56. 69. 85, 9, 13 ΙΙ, 2, 15. 30. 93.
103, 3, 44.45, 6, 12,7,1, 9,69,
10,10,10,5,11,13 ΙΙΙ, 1,49. 105,
3,,3678,4,46.50.,665,2,17,.20
3281896424917173
522, 9, 10. 74. 87. 99. 195, 12, 46,
13, 13, 14, 23. 26. 47. 49, 15, 38,
16, 45 meum (n.) Ι,2, 104, 8, 70
IV, 12, 36 111111,5,4.76,6,16,
1,1151511155511
30· ,7,34 ΙΙΙ, 3, 34, 6, 10. 50. 54
51115151151151

Ὠ*

 

