INDEX.

195

63. 71, 9, 46, 10, 9 ier. 11, 1,11. quaeeunque IV, 15 39 quicunqne

5555555555

IV, 12, 19 quodeunque Ι, 1, 14

mffiffiffirfflnnmomfffflmmamrrmawur

nffinwmmfflffiQi
wmmffiffiwmffiQ&

wmwmrffimffiw
wflwQOffl

18 1v,1‚ 28, 2, 134. 43. 49, 4, quies IV, 9, 91 quieti (d) 11, 2, 73
13, 6, 3, 11, 6, 12, 18 quo I, 2, 5, quieuit ΙΙ, 9, 60 quierunt ΙΙ, 5, 47
3,76.85⁰; 5, 48, 8,66 11,1, 34, quilibet IV, 10,78, 14, 25 quolibet ⁴.

Qfflwnrwrwurmnr
5555165555555
rmmaemmmwnrm
mmmfflmwffiwmr

Ι, 1, 4, 7, 67, 8, 40, 9, 38 ΙΙ, 3, 82

ΙΙΙ, 3, 32, 14, 6 quaelibet (acc.)

}V,85, 12 quolibet (adu.) ΙΙΙ,
1

ΙΙ, 2,87, 3, 6, 6, 12, 8, 55, 9,7 quin 11, 7,5 ΙΙΙ, 3,95 ΙΙΙ,’1, 7, 10,
ΙΙΙ, 1,3. 57. 75. 125127, 2, 79. 99, 61. 72

7, 20 ΙΙΙ,2,39, 4,9.45,8,3, 9, quinque 111, 3,30

55, 10, 33, 12, 6. 9. 49 qui 1, 2, quinquennis IV, 6,5

15. 134, 3, 62, 4, 4, 7, 7 ΙΙ, 2, 62. Quirini Ι, 5, 73

119; 8, 34. 57. 58, 11, 26 ΙΙΙ, 2, 8. Quirites IV, 5, 17, 15, 11

25, 6, 28 IV, 6. 44. 49, 8, 19, 10, quis (interrog.) 1, 1, 40, 2, 6, 7, 21

19. 29. 35, 11, 7, 13, 32 quael,
2, 79,5,54 ΙΙΙ, 1,101 IV,2, 46
quae (n.)I, 0, 32 ΙΙΙ, 3, 28, 5,9
IV, 3, 36. 57, 6, 37, 7, 3638, 10,
10,40,12,31,14,20,15,7 quo-
rum I, 1, 77. 97, 10,24 ΙΙ, 3,31,
5, 28, 7, 80, 10, 19. 42 ΙΙΙ, 2, 69,
3,108,4,113, 9, 55 IV, 12, 39,
16, 37. 39 quarum I, 2, 31.140,
6,7,10, 31 ΙΙΙ,1,65,3, 51 qui-
bus 1, 5, 85, 8, 45 Π, 2, 83. 89 ΙΙΙ,
4, 11, 5, 15, 7, 17 · quos Ι, 2, 49,
3, 81, 8, 43. 45. 61 ΙΙ, 1,41; 2, 81.
121, 6, 27, 7,30bis; 8, 2. 6961

ΙΙ, 7, 55, 9,41 bis3 ΙΙΙ, l, 37, 2,
13,6,3 lv, 2‚9bi.‹13 3,10;8, 53,
10, 82, 14, 35 quae 111, 3, 27 quid
Ι, 1, 13. 56. 59,2, 7. 77 515, 3, 37
bis. 81,4, 11, 5, 30. 43. 79. 82, 6.
11, 43,7, 38. 49. 61. 63, 8, 3. 23
ΙΙ, 2,5,3,3.9Ι)Ιε. 17.41, 6,11,
7,3. 19, 8,17,’22 III, 1,33, 119,
2,101,3,57, 4,63.95, 5, 41, 6,
44, 7,4. 5,9, 19. 37 IV, 2, 8. 39.

5555555555

7,45, 9, 40. 48, 10, 66, 12, 43. 45
515, 14, 11. 12, 15, 2. 31, 16, 1. 51
quem ΙΙΙ, 9, 2 ’

fflffistffimffssw4mmffim4wwfflm,
9959899999,555Η5455555

48, 14, 24 quas I, 3, 72, 4, 38 bis.
42, 5, 42. 47, 8, 60, 9, 42 ΙΙ, 2,66,
10, 31 ΙΙΙ, 7, 36 IV, 2, 38, 0, 130,
10, 2259, 13, 11 quae1,3, 56,
5,9,6, 19,8,55,9,12. 55 ΙΙ,1,
60, 6, 37, 7, 33, 9, 51 ΙΙΙ, 3, 3. 81,
. 4,111,7,26,8,1.23 IV, 2, 942,
8, 39,9, 132, 12,34,13,14, 15, 18.

mmmmmiffiffimfl

7, 16, 8, 49 ΙΙ, 1, 46,3,95;5, 73,
10,11,11,9 ΙΙΙ,1,163,3, 39, 4,
72 1V,5,39; 6, 2, 7,46, 9, 101,
14, 3. 22

ΙΙΙ,2,21,3,51,4,49,5,11,15,1
qua1,2‚140;5,53 quidl,5,9
Π,2,96 ΙΙΙ,1,139,4,43 1V,1,
17, 8, 21. 65 quem IV, 6, 39 qua
(n. pl.) Ι, 6, 24 qua(acc.)111‚ 7,
22 qu11v‚5,11;14,54 quosIV,

uisquam 1, 6, 9 ΙΙ, 0, 49 111, 1, 23
,ΙΙΙ,6,49 quiequamI,2,63.93;

6, 19, 9, 5 ΙΙ,2, 57 IV, 4, 26 cui-

quam lV, 6, 13, 14, 51 quemquam

ξ, 27, 89 ΙΙΙ, 6, 11 quicquam ΙΙ,
Ι

4ώ55999ᾠΑ59915555155φ555555
&ffihffifflwssmssm wffiwmfflfflmssffih
193 8, 93 Ν, 9, 413 3, ⁷3 9, 993 13, 28 cuique ΙΙΙ, 9, 51 quoque II,
5;14,8 · 9, 36 quaeque (n. pl. n.) ΙΙΙ,6,31
mmmeMqffiwflwm wmmfflwmaeffl

77 quiddam (aec.) ΙΙ, 1, 55 qui· quisquis IV, 8, 52 quiequid1‚1,21;
dam (n. pl.) ΙΙΙ, 2, 16 quae· 6, 25 ΙΙ, 2,85,7,4,9,77,10, 13
dam I, 8, 47 quaedam (ace.) ΙΙΙ, ΙΙΙ,411.]59, 2, 73, 9, 12 ΙΙΙ, 3, 54,
55 555

iffi

 

