186 1110111.

1,9,7 11,4,7,10,44 ΙΙΙ,1, 111 0001101 ΙΙΙ, 1, 6. 35, 1440 ‚
ο,1111(101)1,0,01, 0,1 1v‚4, 1, oppida (n.) 111, 4, 101 IV, 0, 104
9, 38 0001110 (aee.) 11, 1, 38. 50
, odit lV, 14, 13 opponit IV, 6, 8
odio(d)1v,9,8211,1,4 011101Π, 001017,7,22 000101,3,6;6,17,
2,16 9, 303 10, 40 11,2, 28, 3, 30, 48,
odoratis 111, 3, 00 110. 40, 0, 0. 00 111, 0, 00, 4, 0.
0610011018, 15 38,6, 20,-9, 42 IV, 3, 25. 4238, 4.
0001111111, 0, 00 00. 01, 11, 10 ope 1, 1, 10, 0, 140,

· offenditIV, 14,22 0000601101, 7,17 3, 22. 90 ΙΙ, 1, 16 opes 0000 ·

0110000011, 3, 62 offensum (0.) 1, (acc.) Ι, 7, 47 ΠΙ, 1,104 1v,1, 24,
10, 42 offensi ΙΙ, 2, 28 5, 20. 38, 7, 26, 8, 32, 9, 122, 15,
offensale3l,16 f 13 0011100111,8,34
0111010000 ΙΙΙ, 6, 56 0111010011 1, 1, 001011, 3, 33 0010101823 00100
00, 1, 01 111,0,11 11, 0,0 1, 1, 00, 0, 00 optet 111, 1, 00
officium Ι, 6,19 ΙΙ, 3, 34 ΙΙΙ, 9, 56 001001 ΙΠ, 3, 105 opta I, 8, 71
11,11,11 οο10111,1,0011,0,00 0011011110, 11 optanti 11, 1, 10·
III, 1, 86 1v, 9,114 0111010111,1, 00101111, 5,“12 optandi 11, 3, 95
8. 20, 12, 5 0111011101 Ι, 7, 57, 9, 0001001ἰο 111, 3, 39
50 ΙΙΙ, 4, 78117, 4, 4218, 67, 9,8 001101οΙ,3,73 y
0111010 Ι, 10, 22 111, 4, 52, 6,4 lv, opus (0) Ι, 4, 12, 5, 28 ΙΙ, 5, 65, 9,
5, 24, 8, 43 0160110 (abl.) III, 18. 60 ΙΙΙ,4, 5. 77, 9, 22 1v,1,
1,76 34. 36,8, 74, 13,8 000110 ΙΙΙ,9,
olentia 11,10,25 46 00011 ΙΙΙ,9, 36 opus (000.)
01101111, 9,9 Ι, 1, 2, 3, 30, 8, 14 ΙΙ, 5, 28, 11, 2
oliuae I, 1, 31 III, 1, 46, 3, 36, 5, 22, 9,9, 54 IV,
,Olympias1v,6,5 1,00,0,10,9,00,16,16 00110
Olympus 111,3,42 est 1, 3, 73 111,1,113,4,9 IV, 3,
omen 11, 11, 01 omen11,1,35;5,3 0100110), 15, 10 · ·

. 111, 4, 98 Ι17,0,54 omina (000.) 01011, 7, 72 ΙΙΙ,2,99, 4,58, 8, 21

ΙΙ,1,68 “ 0100(6)11,10,41 ο15111,2,59
01110101, 6, 26;8, 36 ΙΙ, 4, 13;7,37. IV, 9,115 01001, 8, 27

52 ΙΙΙ, 3, 55. 90 IV, 14,ss omne oracula II, 1, 55 111,1,131-

Ι, 1, 35, 9, 50 ΙΙΙ, 6, 48 IV, 8, 66 0101011, 2, 127

- 01000101, 9, 29 01000 11,2,124 01111οΙ1,7,66 Ι11,3, 43 orbis (g)
= 111,1,93,4,361V,5,25.40;7, Ι,3,49ΙΙ,5,75 01110’011,5,67

53,9, 70, 16,24 00101 (051.)Ι,3, 11, 1,23;5,17 011)οΙ,7,5,9,48 ’

00 11, 0, 0 111, 1, 01100100 11, 11, 0, 110, 0, 00, 1, 01, 0, 00, 11, 0
14, 01 0111011, 2, 4 111, 0, 00 11, 3, 01, 0, 110. 100
111,6,37,13,35 010010 (000.) 11, 0111110015οΙ,2, 42 Ι17,2,5 orba
3, 81 ΙΙΙ, l, 163 010000 (000.) ΙΙΙ, (0. pl. 0.) Ι, 3, 54

3,61 17,4,33,10,57 011101οΙ, 01110 IV, 9, 23 ordine 111, 9, 53 IV, ,
1,11,0,10.11;0,01,0,01110, 11040

83,7,-75Ι1,3,35,10,7;16,49 010000οΠ1, 2, 69 Orestae ΙΙ,3, 45 ’

omnibus (d) ΙΙ, 7, 10 IV, 3‚2 01001010 ΙΙΙ,2,33. 85

01000017, 7, 51 omnia I, 7, 43, Oresteae 1, 2, 78

8,3 ΙΙ,6, 18, 7, 75 ΙΙΙ,4, 14 IV, orig011,3,65,9,1 origine 11, 2, 53

10,11,11,0 omnibus (01)1.)Ι,Ἰ IV,8,17

3, 83 11,10,43 ΙΙΙ,5,47 orior oritur IV, 10,41 01111οΠ, 5,
0001011,10,31 onerata (000, 01.) 50 ΙΙΙ, 2, 47 orte (1.) I, 8, 28

IV,7‚9 ortae(g)II,9,18 0110 Ι11,7,6
00010000 ΙΙ, 4, 34 0001000 ΙΙ, 8, 30 011001,1, 21
00001, 4, 46 ΙΙ, 3, 74 ΙΙΙ, 4, 84 01017,1,19,15,27 010011Π, 9, 25

00011 Ι,5, 24 0011οΙ,10,38 II, orantia ΙΙ,9,65,

7, 77, 11, 24 ΙΙΙ, 9, 20 Ο1011011οΠ,9, 53 Orphea ΙΙΙ, 3, 41
0001005 IV, 10, 81 01 11001101, 4, 29 ΙΠ, 1, 127 ortus
opertum 111, 5,“5 (000.) ΙΙ, 3, 70
0011001001 111, 9, 50 001, 10, 7 11, 5, 53 01101, 1,οο ΙΙ,

 

