iuoux. 153

abstulit 1, 2,4 abstulerit 11, 166 6016011101, 3, 38 117, 70 ΙΙΙ, 3,
06101011,8,18 , 26 Ι7,2,38,9,93 barbara 111,
0110011117 IV, 10, 59 augetur 2, 38 6016010(11,11.)Ι7,13,20
17, 15, 28 barbara (000.) ΙΙ, 1, 38, 2, 100, 4,
auguror ΙΙΙ, 1, 133, 4, 80 Ι7,9, 133 109 barbariora (aec.) ΙΙΙ, 2, 78
Augustus IV, 6, 15 Augusti Ι, 2, basis ΙΙΙ, 3, 52
59 1111135 17,9, 70, 13, 25 1101011146
Augustae ΙΙ, 2, 72 Augusto IV, beatae (n. pl.) 17, 8, 33 beatior
5,10.23,15,16 AugustumIII‚ 1, ΙΙ,8,5
163 17,6,10 Augusta 11, 5,18 bellica ΙΙ,1,30 IV, 1.32
Augustos 111, 6, 16 Augustas 1, bellum IV, 12, 33 belli ΙΙ, 1, 46
2‚115 6011018, 73 601101,1,31,7,
001110011316 1111111οη11114, 19 11 111, 61 6011012124, 8,6
01110111, 1, 21 0110011127 ΙΙ, 5, 61, 10, 14 1114, 96 IV, 2,
auiae IV, 9, 110 43, 8, 73
0111111112, 3, 26 17, 9, 73, 10, 60110 Ι, 1, 58, 2, 103,3, 27. 39, 5, 53,
laun auuannmuffinffi
01115 ΙΙ, 6, 37 17, 3, 33, 8, 27 auras 34 ΙΙΙ, 1, 92. 101, 3, 16, 4, 92, 5,
ΙΙ, 11, 7 ΙΙΙ,2, 61, 3, 93 ’ 51,7, 9. 23,9, 617, 2, 46, 10, 17,
0111011111, 42 14,11
0010111111,4,19 11111011,8,44 17, 61611111, 4,55 bibat 1, 8,60 6160-
4,14,5,12 01110012, 1111101, 10111423 616017, 3,53 6161-
9,5 115, 33,9,3 17,4,36,5,1, 111111, 7,74 17, 2, 47 6161111101
9,125 1111110(000.)11,4,13, 9, 25 ΙΙΙ, 5, 18 bibantur Ι, 10, 30
Auroram IV, 9, 3 biceps 17, 4, 23
01111111, 3, 23 11111011, 1, 41, 8,5 6110100111, 3, 5
111, 4, 103, 8, 3 bimus IV, 9, 64
Ausonii Ι, 2, 82 Ausonium ΙΙ, 2, 68 binominis I, 8, 11
Ausonii ΙΙΙ, 2,101 17, 8, 86 Auso· 61011, 1, 68 111, 9, 43 17, 9, 4. 63
1110017,14,38 ’ bis 10,1
11180111111ῗ1ἶ116 ,111811 IV, 12, 35 1811136111Ιῖ[2 ‚91'134 Bistonium 17, 5,
australibus 1V.4‚1· 35 Bistonias 13, 59
01111, 2, 45. 46. 47. 65 (bis) 77, 3, Bittide 111, 1, 58
26, 5, 80, 7, 11 1610111, 7, 78, 8, 6101111οΙ1, 2, 94
71. 72, 9, 41. 50 ΙΙΙ, 1, 96. 100, 2, bonum bouis 11, 3, 36
21, 3, 93. 94, 4, 12. 2142, 1139. 60011017,12,23 60111112, 69, 8.
40, 6, 37. 42 17, 3, 21, 5, 17. 19. 74 ΙΙ, 2, 42 ΙΙΙ, 1, 159, 2, 4 boni
21. 23,12, 13 Ι,2,52, 3,94 111,8, 24 bonae
11110(061.)ΙΙ,8,33 auum IV, 8, 63 ΙΙΙ, 1, 44 6011110117, 9, 54 60110
0110111111 Ι, 9,,39 0110017, 8, 18 ΙΙΙ, 2, 43 bona (n. n.) ΙΙΙ, 4, 47
autumnus III, 1, 13 bonis (061.) Π, 8, 46
00111101011, 3, 24 bonitate 1, 6, 46
0111111101111, 3,4, 9, 26 17, 6, 14,15, 6010001172 Ι7,10,41,12,35
26 001111111150 0111111012, Borysthenio (abl.) 1v‚10‚53
116 001111011111,6,20,8,54 17, 6086011014, 11 ΙΙΙ,4,82 boues
126 0111111017, 3,8 auxiliis 1,5, 24 6011111 Ι7,9, 50 boues
ΙΙ,9,36 (000.)Ι,8,54’ 17,4,31
axell. 10, 48 IV, 7, 2, 9,10, 10, 6100011101, 6, 34 ΙΙ, 2, 74, 6, 13, 9,
43,13,’40,14,62,15,36 65 ΙΙΙ,1,150,7,28
· 6101110 Ι, 2, 51 ΙΙ,10,35 IV, 12, 12

Β, 6101101,6,21 111, breuem II,5‚
11 breuem, 6, 2 610111 (abl.)
Babylon 11, 4, 27 11.11‚1 ΙΙΙ, 4, 99 breues (000.)
6000117,15,10 111, 1,36 6101110111,4,12 bre-
Baccho (11)ΙΙ,9,31 Ι7,2,9 11111011320 ’
6001110 (061.) Ι, 8, 52 bruma IV, 13, 40 .
60160110017, 5, 34 60160115 111, 1,5 brumali 11, 4, 25 Ι7, 5, 4, 7, 34

 

