INDEX.

103

505050005μ1οω5105ω1501

wAauaenmustomm

1537,3315, 19

4,52 ΙΙ, Ι, 98, 4,6, 7,34 10,8111,Fnceladiss2’‚11

148216538176421015100111112113ξ

1148616377271493
105,,..33Ι4592,,.,,41102937,
7961214234712236

,5,·217, 49, 8,
3, 3. 31 111,1,
9,19 Ι7,2,8,

Ι3,10,3ΙΙ,,42
3733,21.7334,883
5,Ι3;6,,,7113,’13,’6

ἓξ, 8, 3 503 9, 1, 11. 15, 31. 35. 011001,2, 106 ΙΙ, Ι, 66 ΙΙΙ, 2,58

10,122.20. ΙΙ, 27. 30. 36. 40. 42

Ν10515

Π,’11153401011101115εῃωμμωεω

mffiwmssaffiwnw
fflfflwmflneanw
10055.ω;ω155
2mssuwmfflvfflwww
01Η1501105

24. 39 510 44. 48. 673
58, 6, 12. 21. 46. 53,

9, 27. 2931, 54 IV, 9.13.17.
24. 28, Ι, 14. 22 93 3, 25. 28. 513

9. 12. 51.
1.10. 32,

2
1523,226;3,2..2124 29.39,,414.

7,5,

1,

ΙΙΙ, 7, 8 0110 ΙΙΙ, 1, 144⁰ eat Ι, 2,
100111,1,28,2,84,7,20 Ι7,10,
34 1501 ΙΙ, 3, 90 IV, 7, 52 ibis
17,3,51 1511Ι,4,16 ΙΙ, 11,22
111, 4, 100 10111 Ι, 10, 26 ΙΙ, 1, 35
11, 3, 61 1V,3,53 1101,1,8 IV,
5,1 1101, 5, 813 7, 23 1112, 85,
5,4817,2,6,7,30,9,18,14,6
1000 ΙΙ, 1, 50 euntis IV, 15, 28
eunti ΙΙ, 9, 27 0110101111,2,79

4,11.2Ι,49, 6, 4. 19 22. 233 8,. ⁰ 111110 111, 18 11111111, 2, 50
4,5.11 1316, 9, 22 31. 52. 98 eodem IV 15, 33 ’
101,10,1.68,111,9,,1217.2022 000179 112 000017, 6, 48 0010
4647,13,,121,14,.115..4146. ΙΙ,5,50
52.59,15,4,6, 16 3. 37, 40 me Epidauriusl, 3,21
(1100.)Ι,1,25, 2,9 ..11 25. 43. 87 89. 0010111011, Ι7,2, 5,9,1 ΙΙΙ, 5,1,
90.,913,.8994,4,..,,5195167,5Ι7,2,,,;,561119
413 7 417 3 35 54 67 9, 15, 0001111117, 10, 28
2,15, 51, 59, 63, . , 329. 7. 74. 75. epulasI,10,11 epulisI, 10, 31
83· 6, 6· 7, 5 21. 66. 82 ,,8 11. 71, 0011001217 17, 9,18 0011110017,
947105211114253 8,17
731510. 50. 64. 108, 4, 58,5 ,21. equ1demIV,1,533,27
533 6, 12,38,711, 29, 9, 313 equin01,2, 19
IV,l,33 2,41.43 3, 9, 4,43, 6, equusl, 2, 8434, 16 ΙΙ, 11, 22 equi
12. 493 7,4,8, 12,9, 25. 31. 40 9.9 1,2, 54110 ΙΙ, 9, 58 ΙΙΙ, 9, 26
113. 115, 13, 39, 15, 3. 13. 35. 38. IV, 8. 80 equo ΙΙ, 6, 38 equo I,
42 me(abl.)1,2,29.6532,115. 2, 86 ΙΙΙ, 1,8 equorum Ι7,1, 33
145, 4, 42, 5, 16, 1, 6. 25 ΙΙ, 1, 61. equis Ι, 2, 120 ΙΙ, 8, 50 equos ΙΙ,
67, 2, 7, 5, 76, 8, 63 ΙΙΙ,1,40.47. 8, 40 17, 1, 52 equis ΙΙ, 1, 58 111,
95. 102, 2, 22. 24, 4, 69, 5,43, 6, 1, 52, 4, 100
8, 7, 31 IV, 3, 63 6,9, 9,5 0100111017, 7, 26
01101111, 10, 30 ergo 1, 2, 127 ΙΙ, 11, 19 ΙΙΙ, 3, 105,
011,2,7 17,6,4,8, 13 7,7 Ι7,4,23,14,11.19,16,41
01111011, 5, 37 Erichthonius 11, 9, 20
01ος1 ΙΙΙ, 4, 85 17, 5,1 eripis 17, 3,30 01101111,10,5 erepta
elicias ΙΙ, 5, 46 l, l, 57, 8, 39
0111010117, 9, 21 erro errent IV, 10. 29 errasset 111,
eli 110111, 1,129 electum 111, 9, 54 1,53 erranti IV, 14, 58 erran·
817⁸ 1111111011, 10, 27 tem IV, 16, 14 erratum (est) ΙΙΙ,
0101,11111111Π, 5, 40 0100111111, 2, 47 4, 43 erratis 11, 3, 66
eoquio 11,5‚56 0110111, 2, 59 111,9,11 17, 1,13
emeritis I, 7, 61 0110110 ΙΙ, 2, 533 3, 92 111, 3, 75
0111111011Π,3,103 IV, 15, 25 errorem IV, 8, 20
011111111οΙ, 6, 17 erubuisse 11, 1, 36
emo emam IV, 10, 20 empta (1100.) esseda 11, 10, 34
17, 15, 18 esuriatur 1, 10, 10
emend01,5‚17 011,1, 17. 24. 30. 35. 603 2,2. 8. 24.
0110111111, 9,48 28. 38. 44. 49. 50. 51. 5394. 111.

11*

 

