183 ιιιιιιιι.

18, 9, 12. 122,10, 15;15, 19 mu· naturalV, 6, 37 5515ι5111,. 2 ,53
- nera 1555.) ΙΙΙ, 8,11 18, 5, 38 8, naturae (g) IV 8,57

35, 14, 54, 15, 37 naufragio IV, 3, 30 naufragium '

murmur IV 13 36 (555.,)ΙΙ 9, 9 naufragio( (.,551)ΙΙ
murusl, 8, 6·3 ΙΙ,1 1, 25 18, 14, 28 6,11 5555551131, 2, 60
mu1·i1'1,1‚ 51 ι55ι531, 3, 78 ΙΙ, naufragusl, 5, 39, 6, 34 II,3, 124,
1, 37 muris 111, 4, 105 7, 8 IV, 4, 8 naufraga IV 14, 22
115351, 1, 20, 3, 12. 6911, 4, 14 ΙΙΙ, 555131, 1, 69, 4, 17 ΙΙΙ, 1,130 IV,
4665218229649182 9,7455555ιΙΙ,,781111,,619
27, 3, 18, 8, 78, 13, 13, 14, 32, 15, 555511, 3, 38 IV, 10, 34 5551553
40, 16, 293045 Musarum IV, (551.)18, 7, 41
3, 49 55511511, 5,(12
musta (5.) ΙΙ, 0, 32 nautis (d) IV, 10, 26
mutare 111, 9, 17 5511555ιί1 18, 3, 58551, 10, 12
21 mutatur 111, 3, 97 mutetur 55 (interr.) ΙΙ, 10,4 111, 1, 18 18,
111, 7,7 ι55155οι I, 1, 79 mutato 9, 83,13,30
Ι,2,64 18,13,50 5ιυι5ι181ι1)1, 551, 1, 6..652 662, 2, 7. 58 75. 111,
3 4,495ιυιιι5ι1511,2,94 3458954636477388
¹ 15515311, 6, 4 551511,7,52 53, 9, 28 33, 10, 16. 20 ΙΙ, 363.
11γ5551318,1,34 98,3,52;4,91,7,19,8,64,9,10.
1153511. 2 ,26 Mysas IV 9, 77 53.61,78,10,8.14,11, 17 ΙΙΙ, 1,
65101115. 130, 3, 14, 4, 65, 6,
N· · 6. 55, 7, 8, 9, 43. 54 18, 3, 29, 3,
3. 52, 4, 26, 5, 38, 7, 32, 9, 55, 12,
Naidas IV, 46, 35 42,14,19,15,30
nam I, 4,9;6, l. 13. 51,8,31, 9, 35 5551, 1, 19 513125. 44. 75, 2, 6381.
ΙΙ, 1, 53. 56,2, 32, 5,7, 8, 12. 65 821118. 109, 3, 24, 43. 87. 91, 4, 4.
73;9,6 ΙΙΙ, 2,40, 5,17 18,2,41, 5. 37155), 5, 12, 17. 71, 6, 6. 9.
3,22,4,11,5,41, 6,23,7,23 8 36, 7, 23. 37. 57, 8, 19. 39. 43. 46.
11. 73,9,40.59, 11,9, 12,7, 13 59. 67, 9, 3...516 34. 39 47· 10,
25, 15, 5. 35 33 ΙΙ, 2, 7.11, 13. 3835. 38. 70.
namque ΙΙ, 11, 15 ΙΙΙ, 2, 3, 3, 35. 75. 87. 97. 103. 111. 120, 3, 3. ll.
99,5, 33 15. 32. 61. 79,4,10,5,14. 3040,
55551515 1)1111,20 6, 14, 21. 38, 7, 5. 34. 43. 44. 79,
55ιι5511511,.. 2 ,57 8,11,9, 31. 48 49. 69 71, 10, 6.
narrarel, 4, 53 narrasti 11, 1, 25 27 ΙΙΙ, 1, 2513. 13. 17. 28 543 57.
narrant lV 9, 87 5555151531) 67 79513 82. 86 89, 121513, 141,
ΙΙΙ, 2, 97 narrata(51nt) IV, 10 65 147. 157, 2,47. 60 93, 3, 15513. 16.
583511, 3,3 nascitur IV, 3, 54. 31 5ι3 37. 43. 43. 51. 53. 98. 104,
nascenti Ι, 8, 63 551531, 4, 23. 4, 23. 39. 57. 61. 91, 5, ll. 3556,
37. 46 ΙΙ,3,71 Ι8,9,107 5515 6,12.13.19.2·3.23,7,11,8,5,9,
Ι, 3, 39,8, 32 ΙΙΙ,1,123 551111, 12. 51 Ι8,1, 19 30. 34;3, 15. 30.
1,59 551516) IV, 5, 33 uatum 41513. 43, 3, 9 38. 55; 4',5 16 13.
Il,8, 31 551518,13,30 55ιί 44· 5, 3. 15, 6, 13. 27· 7,.431. 39,

Ι - (11.)II,9,‘35III,3,87 namu, 831 ιιι 45 ιι ιι 5, ιι ιι ιι.

2,71 89 99 191.195.111.123.133,10,
Ν8351,1,1, 3,1,5,2,10,1 ΙΙ,2, 17. 18. 31. 33. 27 37. 60. 70; 12,
235,1;5‚2;10,15;11‚21111}11.45;13,5.17;145440 15, 81
5;4,4;5,4;5,1;7,13 lv,3‚10; 5555551, ι ιι 85 545 45 5,
8, 34,9, 2, 14, 14;15,2 Nasonis 21· 7, 13. 33. 47115ι)1 10, 5 ΙΙ, 1,
ιι,ι,ι 111,5‚44 ιι,ι5,ι ιι·-ι 55. ’8ιέ 4, ιι ιι, ι, 35. 55, 8, ιι.
ιοιιιιι, ι, 4. ιι, 8, 35 ιι, 45,·ι ιι, 15, 4'5 ,
Ι8,6,2 Ν535ιι51,8,1 nectar (555)Ι 10, 11
-ιιιιιιιΙΙιιιιιιιιΙθΙ, 3, 35 551 ‘dem ΙΙ neoto nectere IV 3, 30 nequI 3„ ·
9, 78 IV, 9, 119 ⁴ 78 ΙΙΙ,1, 124

, 551555 5154 ΙΙ 7 38 ιι515511,111 1, 551531, 9, 3 11,. 2 ,16 IV, ll, 8

16 5515511311, 3, 40 natanti ιΙΙ, ιι55ιι,31 7, 1834 555811, 1, 40, 5,
6,13 31 II, 2 ,84 111, 2 ,86 18,7,19;

 

