164 mum.

112.124.126.132. 137, 3, 7. 9. 36. 616161111, 2, 90
61. 63. 65. 803 4, 3. 7. 11. 20. 321. 6161111111, 9, 6

62. 63· 6, 7. 20..2 26 30. 36. 6166666117, 2, 17

37. 40. 42. 60. 60327, 14,2 211. 30. 39. 6116616611, 2, 82
46.69;8,11.14.16.23.30.38.48. excidit IV 4, 22 61616611111, 10,8

66. 60. 61. 70. 72· 9, 8. 29. 61. 62. excidere Il 4, 24
63. 66, 10, 6. 8. 11. 14. 36 11, 1,16. excisam, 1, 96
39 616 46, 2, 6. 16. 23. 26. 47. 60. excipit IV 10, 16 6161661, 1, 4 11,
90. 93. 97. 100. 110. 114. 116. 118. 9, 9 6161616117, 4, 36 excepit
122, 3, 10. 14. 16. 17. 20. 34. 46. 11, 3, 84 616661617,14, 47 ex·
48. 63. 67. 68. 71. 913 4, 8. 14. 34, 666161,7,6 111,1,128 1V,14,3
6, 20 616. 22. 38. 67. 60. 66. 72, 6, exceptis 1, 2, 134 ΙΙ, 2, 102 IV,
4. 6, 16131131. 36, t, 4. 11. 11. 11, 11
27. 37. 46. 49. 67, 8,9. 10. 30. 36. 616116117 ,2,36
97. 42. 64. 62. 63. 66. 68. 7339, 12. 61661611,7,69 exculte IV,8,1
19. 20. 4046. 66, 10, 20, 26. 3141. excusabilis I, 7, 41 excusabile ΙΙΙ,
48. 49616. 61,11,7. 2124 111, 1, 9 33 IV, 11, 1
16. 20. 26. 27. 36. 40. 42. 6060. excuse 6166661 ΙΠ, 2, 21 excuses
119. 126. 134, 2, 29. 33616. 38. 44. 11, 2, 63 61666611111, 6, 46
69. 81. 88. 103, 3,6. 10. 12. 18. 26. 61661166178,17 616611611714,
33. 40 64. 67 70. 84. 87. 93100, 26 6161116161 ΙΙΙ 4, 36 excusso
4, 23. 27. 48. 74 76. 100. 103616. ΙΙ, 9, 67
108 111, 6. 3. 16. 19. 26. 41. 46, 6166616617, 10, 9 6166616 11, 3,
6, 14. 18. 22. 38, 7, 16. 22. 30, 8, 89 111, 6, 31 exemplum II 3,32
9, 9, 4. 14. 15. 21141 17, 1, 14,219.111,1,4417,7,49 6161661111,
’ 6166663666 36
36.48.60.62.64.66.69,41819. 6160611111, 6, 663 8, 64 111,3,101
24 28. 30. 39. 48, 6, 6. 6. 11. 20. 17, 12, 13 61661111 l, 13017,
426...203646,’,’..,,71112268 9,74
6 12. 14. 30. 38. 62. 64616. 63, 9, exequissI, 9, 61
6. 7. 10. 19. 28. 39. 44. 46. 63 66 6166116161,3, 14 HI, 4, 63
68. 37. 7118286102. 103126. exhibuit1,3, 11 exhibuisse IV,6,
1313 10,12. 39. 42. 44. 48. 4960. 34 exhibuisset 111, 6, 22
61. 62. 64. 663 12, 9. 14. 16. 33 bis. exigis ΙΙΙ, 1, 74, 6, 40 exigit Π, 6,
36 616 36. 38, 13, 4. 13. 19. 21. 34. 6111, 1, 73 61661617, 9, 46
36 bis 36, 14, 12. 18. 21. 27. 28. exiguum 1114, 6 exiguuel, 1, 40
33 62 16, 13. 21. 29616. 38. 39. 42, exiguum 1113, 1 6116616611 2,
16, 3 6 7 10 12. 13. 24. 27. 30. 63 6116661,,1 78 IV, 8, 27 ex·
33 39 16666111 3, 33 IV, 9,122
6166116111, 7, 13 6111661, 10, 27
61166 Ι, 2, 96, 7, 61, 10, 18 11, 3, 29, 61111661, 1, 613 2, 104 11, 7, 63 111,
7, 8. 76 111, 1, 94. 169, 2, 36. 99, 1, 383 3, 79, 7, 34 17, 4, 60 exilii
4, 12. 86 17,3, 9, 7, 14, 9, 383 I, 3,433 6,4 ΙΙ,8, 72 ΙΙΙ,3,23
10, 61 exilio 111,1,10 exiliis 11, 5,83 9, 66
6116616117, 6, 36 666616111, 1, 66 61166111, 2, 108
66661616 (acc.) 111, 4, 113 61616 IV, 8, 22
6666166 (g) II 2, 32 6166616111, 2, 64, 3, 9
611166616ΙΠ, 1, 31 6616611111, 2, 72 61661106161116161, 8, 7
Eumolpuslissjew ΙΙΙ,3,41 Eumolpi 61661161Ι,,8 68 61661161611, 9, 30
11, 9,2 Ε6661661661.)ΙΙ, 9, 20 616611666111, 7, 12
11611611, 8, 38 61661617 8,47 6116611661, 8, 6
euxini 11, 2, 2 euxinum (666.) 17, exposuit III '1. 49 61666116 17 7, 28
3,61 661166(661.),11 6, 9 IV,6, extitit 111 2, 87
46 6611616 (661111 6, 2111, 2, 6116(666.)11, 9, 30
60, 6 ,2,7, 40 Ι7,9, 2 euxinus 6116666663, 26
IV, 7,1 · · externis (661111, 3, 36
exacuet I, 10, 13 611166616111, 2, 18
exanguis ΙΙΙ, 3, 31 extincti III, 1, 109 extinctum I, 9,8

 

