, 11111011. 176

1111101001, 7, 31 ΙΙ, 5, 7. 43 IV, 3, 1V,4, 16 1010001) ΙΙ, 3, 48, 6,
12 1000101,8,44 ΙΙ,2,92,8,4 36111,2,109ΙΙΙ,12,37 lapsis
ΙΙΙ,2,10 1011011011,4,20,6, 59 (11) ΙΙ,9, 11
ΙΙΙ, 4, 100 iuncta (000.) ΙΙ, 10, 40 labor 1, 4, 8. 22. 26, 5, 17, 6, 10 ΙΙΙ,
1011011011,4,31ο IV, 5, 10 9, 21 lV, 1, 29, 10, 17. 82 1060110

10110 1, 4, 39 1000010111, 1, 117145 Ι, 5, 60 Ill, 6, 36, 9, 20 IV, 14,
, IV, 16, 8 Ιο110110111111,16, 7 25 106010111 ΙΙΙ, 9, 21 labores ΙΙΙ,

Ιιιρρ110111,1,13,9,26111011 4,11 1060101111,6,25 1060100
1001011, 8, 62, 9,26 1001111,4, (000.) Ι, 4, 63 ’

90 10001,7,60 ΙΙ,8,62 ΙΙΙ, 6, laboro laborat ΙΙ, 11, 17 10601001,
18 ΙΙΙ,4,34,8,78 3, 89 labora 111, 1, 86 1060100110

iuro ΙΙΙ, 3, 68 10101 IV, 5‚39 iures 11, 9, 29 laborantem 11, 6, 22
ΙΙ, 6, 64 101010 Ι,9,33 lV, 6, 21 1001001011,6,37
1111060οΠ, 3, 64 1010100111, 3, 49 Lacedaemona Ι, 3, 71

ius (000.)1,7, 60, 9, 38 ΙΙΙ, 4,16 1000100 ΙΙΙ,2,6 10001011,3,28

. IV,8,9; 9, 36 10110111, 16, 40 laceras IV, 16,1 lacerarat 111. 6,19
10101, 2, 148, 9, 4143, 2, 20 ΙΙ, 1000110 11, 9, 67 10001110 (061.) Ι,
3, 62,6, 71 ΙΙΙ,4,38,6,41 1010 4, 51
(000.) IV, 5, 17, 7, 2, 9, 43 100111110οΙ, 2, 27 ΙΙΙ,1,99.168 10011-

10000111,9,30 11110 ΙΙ, 2, 37 ΙΙΙ, 1,149 1001111100

iustitis ΙΙΙ, 6, 24 1001111011111, 1, 33 Ι, 7, 20, 9, 41 ΙΙ, 3, 84, 11, 9 ΙΙΙ,

1001611, 3, 61, 8, 76 IV, 3, 22 610 1,32. 166 IV, 3, 30, 6, 26 10011-
1110101111, 8, 69 10010111, 9,8 IV, 11110(061.) 1, 2, 102, 6, 43, 9, 2. 20.
9,8† 10010(11.,11.)11,9, 69 IV, 53IV,11,4.10
15, 30 10010 (aec.) 11, 8,24 iustis· lactens IV, 8, 41
simus Ι, 2, 97 1001100111ιο I, 5, 26 1001000111, 3, 97

1000110110 ΙΙΙ, 3, 29 lacus (000.) ΙΙ, 10, 26

1000001 (n.) Ι, 6, 66 1001111 ΙΙΙ, 9, 26 10011010 III, 1, 82,

1000111011, 3, 46. 66, 6, 49, 9,6 ΙΙΙ, 4, 73 laeserit ΙΙΙ, 3, 72 laesisse
5, 7. 37 IV, 7,6,8,23 10001111, 1,1,61 100010001111,16,7 100·
4,4 1000110111 Ι,4,47 ΙΙ,9,62 11110111, 2, 22 10011111, 2, 22 IV,
iuuenes (11,) ΙΙΙ, 2, 67. 77. 89 IV, 4, 28, 6, 39, 14, 17 10000011, 7,
16. 39 100011οι1111, 1,61;6,41 9ΙΙΙ,’6,4 IV,11,5 10000111,2,
ΙΙΙ, 2, 96 10001100 (000.) IV, 13,31 18 10001 (g.)1‚4, 44 1000011111,

1000111οΙ, 10,12 3,68 100001,1, 11 100000 ΙΙΙ,

1000111017, 12, 29 6, 22

11100011, 3, 94 1011011, 6, 36. 45. 78 Laestrygonis IV, 10, 21 Laestry-
II, 1, 13, 3, 34 ΙΙΙ, 6, 20, 7, 21 610, gona ΙΙ, 9, 41
9, 21 IV, 2, 30, 9, 1, 16,61 1000111 100111100 ΙΙ, 2, 84, 7, 38 ΙΙΙ, 3, 86
Ι,4,4 10001118, 63 ΙΙῙ,9,40; IV, 9, 67 1001111011,1,12 10011-
14,4 1000111111,1,·41· 10001, 6, 11010111,4,50 ¹
’17 10001011,9,24 ΙΙΙ,8,4 IV, 1001011, 8, 63 ΙΙ,11, 16 laetuslll,
8, 6 1001111, 6, 10 1000111(0. pf.) 9, 35 IV, 9, 34 100111 11, 1, 68 ΙΙΙ,
IV, 10, 66 1001000111 ΙΙΙ, 4, 28 1,136
, 1000111 (1. ΙΙ.) IV, 8, 27 100011, 100111, 2, 23 1001001111, 4, 46 10010
3, 90 100010 Ι, 4, 41 1000100111, (061.)ΙΙΙ,,4,29 IV,4,19 laeta
1,16 1011011101 11, 7, 71 100011- (11. pl.) ΙΙΙ,3,67 10010 (000.) ΙΙΙ,
dus (sim) IV, 12, 49 111001011οΠ1, 9, 36 1001010111 IV, 4, 15
3,107 , 10000011,9,119 1001111, 3, 67 111,

3,14
L· · lampades 111. 3, 60
lana ΠΙ, 8, 11

labefacta (sit) III, 7, 6 languent Ι, 4, 3

10601,2, 143 ΙΙ, 3,22, 7, 49 IV, languida11‚1,2;4,4 languida (11.
8‚·20 11. ,11)111, 3,8 languidior IV,

1060111111,2,6 , 10‚44

10601· labitur IV, 10, 60 labentis 10000111,6, 20 lV, 8, 4039, 33
11, 10, 29 100011, 9, 13 111, 3, 78 Laodamia 111, 1, 110

 

