196 ‚ 111551. ’

quiuis 1,55111115111,4,30 cuiuis I, 151115 lV, 10,44 1·515(5.1.)ΙΙΙ,1,
10, 15 ΙΙ, 1,8 queuisIV, 3, 33 19 IV, 2, 21 1515(5, pt.) I, 1, 26
qno 1, 5, 72, 6, 10, 7, 23. 45 11111, 10, 111155 Ι, 9, 43 1515(555.)Ι, 8, 66
26,5, 67 ΙΙ, 1,2,3, 21. 51 ΙΙΙ, 1, ΙΙΙ, 5, 35 151151ΙΙ,3,6 rarissime
28 ΙΙΙ, 14,7 (5111.)ΙΙ,3,55
quo 111, 4, 43 151151Ι,3,58 151ἰΙΙΙ,2,6 ratem
· quo (c. coni.) Ι,8,9, 9,.30 ΙΙ, 5, ΙΙ,6,22 ΙΙΙ,12,42 1515ΙΙ,10,
12 ΙΙΙ, 2, 52 IV, 12,1 33 ΙΙΙ, 1,28 retes (u.) IV, 10 26
quocunque Ι, 3, 55 111155 (ecc) IV, 5, 42
quod ΙΙ, 3, 38. 71. 72. 91, 8, 5556, ratio ΙΙΙ, 9, 15 15115515 ΠΙ, 6, 47
9, 7. 21. 33. 47, 19, 10, 11, 23 ΙΙΙ, ratione Ι, 3, 29 IV, 11, 13
1, 25. 27, 2, 103, 3,21, 4,45, 6, rauco (abl.)111, 1, 22
35. 45,7,9,9, 1. 34 ΙΙΙ,1,10, 2, recedis IV, 3,7 1555111115ΠΙ,1,151
31. 33, 3, 24, 4, 43, 5, 35, 8, 69, recedat IV, 3, 29 recedet ΙΙ, 8, 65
. 10254584,11,21,13,5,14,3. 1555511111, 4, 56, 7, 34 (555.) 15-
28.45,16,39 555115 ΙΙ, 4, 16 ΙΙΙ,2,50 recenti
quondum 1, 5, 1 ΙΙ, 3, 19. 25 IV, 7, ΙΙΙ, 6, 17 recentes IV, 8, 87
. 19, 10, 52, 13, 41 recepit ΙΙ, 2, 25 ΙΙΙ, 9, 79 recepte
quoniam Ι, 7, 69, 9, 55 ΙΙ, 2, 119, 3, ΙΙΙ, 7, 21 recepta (suut) ΙΙΙ,·4, 14
57, 6, 31, 8, 59, 9. 79, 10,51, 11, receptum ΙΙΙ, 5, 53
25 ΙΙΙ, 5, 27 iva, 1;8, 79;9, 5. 1551155ΙΙΙ, 5,39 15511551 ΙΙΙ,2, 37
98, 15, 23 recitent III, 5, 40 ’
ἿΠ1111·85Ι’11’-610;11’5311-’4574155101 iiiiiiiiii' 41 9115
1 1 1 1 · 1 1 1 1 · 1 ⁹
16. 51. 86, 6, 13. 41. 48, 7, 35. 39. rectus 15515 ΙΙ, 7, 61 15515 ΙΙ, 6, 9
56, 8, 47, 9, 34, 10, 21 ΙΙ, 1, 1. 9. 15515 ΙΙ, 3, 13 1551155111, 5, 32
15. 63, 2, 20, 3, 22. 47. 50, 5, 63, recurrens IV, 11, 15
6, 29, 7, 13. 55, 8, 43. 55, 9, 37. recusati lv, 13, 28
63,10,28, 11, 20. 27 ΙΙΙ, 1,56. 151111111,5, 26, 56 ΙΙΙ, 10,32 red·
144⁰. 154, 2,15. 24. 37. 43, 3, 25. 1111511, 1, 57 ΙΙΙ, 1, 131 15111155
37. 40, 4, 51, 70. 81. 83, 5, 44, 7, I, 7, 64 ΙΙΙ, 7,2 151111511, 10, 51
13,8,3,9, 49 ΙΙΙ,1,4. 22⁰. 25;2, III, 5, 35 reddere IV, 5, 39 red·
23, 3, 57, 5, 37, 6, 21, 8, 55, 9, 27. dentem IV, 9, 43 reddet IV, 12
31. 56. 90. 119, 10, 8, 11, 2, 13, 7, 18 reddemus ΙΙ, 11, 7 reddidit
14, 5. 11. 30,16, 4. 28 ΙΙΙ, 2, 42 redditur ΙΙΙ, 1, 81
quot ΙΙ, 1, 44, 7, 27. 28 IV, 7, 46, reddi IV, 8, 35 1511111155 Π, 8,1
12, 21, 15, 791115. 10 bis reddita ΙΙΙ, 3, 39 reddite (5.)
5551155511, 7, 2,]22, 9,21.23 ΙΙ,1, Ι, 3, 3
13,9,16ΙΙΙ,1,61ΙΙΙ,1,9.11,9,112 redeant IV, 6, 47 rediret IV, 16, 33
quotaII, 10, 31 ΙΙΙ, 4, 41,6, 30 ΙΙΙ, 151111111, 5, 55 151115151555.)ΙΙΙ,
’ R redimenda (esset) ΙΙΙ, 1, 105
“ 15111551555.) 11,3,1r ΙΙΙ, 5, 21,
1511151,3,54 9,45
Rabirius IV, 16, 5 redux reducis IV, 16, 26 reduci ΙΙ,
racemos IV, 15, 9 8, 16
radientur III, 4, 103 151515 ΙΙΙ, 3, 3 refers ΙΙΙ, 9, 2 lV, 10,
1511515155Π,4,17 73 151511 ΙΙΙ,2,51,4,61 lV, 3.
ramus Ι, 1, 31 ramo (abl.)111,5‚ 19 28 1515151511,1,63 ΙΙΙ, 3, 45
151555ΙΙΙ,8,14 15151551 ΙΙ,11,25 1515115 ΙΙ, 3,
155511ΙΙΙ,10,49 - 80, 6, 21, 10,42 ΙΠ,4,41 IV, 5,
rapido (abl.) ΙΙΙ, 1, 8, 3, 61 rapidis 33, 8, 88, 11, 12, 16, 37 15151111,
(1Ι)ΙΙΙ,8,29 1, 72 15151555ΙΙ,3,91 referrem
rapit 111, 7,8 rapiunt ΙΙΙ, 2, 93 ra· ΙΙΙ, 2, 39 15151551 ΙΙ, 11, 26 151-
puit ΙΙ, 8, 47 rapti (g) IV, 11, 5, 15111 ΙΙΙ, 1, 12 151515151ΙΙΙ, 1,210,
16,1 raptam ΙΙΙ,9, 79 rapto 5, 39 1515111 ΙΙΙ,3,73
(abi.) Ι, 8, 1 raptu (555.) ΙΙΙ, 4, refici 111, 6, 18
14 1551151551.) ΙΙ, 8, 67 1515115111551 ΙΙ, 7, 13 ΙΙΙ, 4, 49

 

