· Ἰ 11111. ’ 205 „

31, 5,12. 19. 25. 58, 6, 37, 7, ,32 7, 36 11116111.) 111, 3, 67511, 8,
75, 9, 1472, 10, 17. 47, 11, 4. 19 17,3,56, 6.36,14,20 telis
14. 22 ΙΙΙ, 1, 83. 87, 2, 30. 34. 79, (abl.) ΙΙ, 1, 40, 2, 14, 7, 15 ΙΙΙ, 3,
3, 33. 49. 57. 77,4,4, 6. 79,5, 37, 70,6.17 ·
6, 5. 55, 7, 35, 8, 5. 19. 24, 9, 11. temeraria ΙΙ, 2, 13 temeraria (aee.)
3341 1V‚1‚e.18;2,5.15;3,38. 111,6,27
41. 55, 4, 9. 14, 5, 27, 6, 17. 24, 7, temerasse IV, 10, 82
18, 8, 2. 43, 72, 9, 41. 67. 71. 100. temperie 11, 7, 71
125, 10, ll. 30. 37. 77, 14, 34. 36. temperat ΙΙΙ, 6, 24
39,15,35,16,41 templum 111,3, 91 templi ΙΙ,2, 27
tamquaml, 2, 14, 9,7 templo 111 2, 65 templum 11 1,
tandem 11 1, 5 IV, 8, 84 ’ 34 17, 8, 31 1111111111, 9, 26 ΙΙΙ, ,
1111111111 5, 57 1111131117, 8, 89 293, 6, 25 11111111(11)1112,49
1111,11111112,10217,9,25 1111- 11111111(<1)ΙΙ, 1, 67 templa(a}=c)
ges IV 9, 5 tangent IV9, 125 ΙΙ, 2, 81 IV, 4, 29, 5, 21, 8,33
tetrgere 111, 3, 20 tetrgreset 11 3, temptat 1119 42 temptamusll, 5,
63 tetigisse ΙΙΙ, 7, 26 tangar 25 temptet ΙΙ, 2, 51 temptare Ι,
(11111)1,10,31 1111111210 2, 65 1111111111,2,123 Ι7,15,23
Tantalidae IV, 16,26 tempora (11.) IV, 14, 55 tempora

· 1111111111(11111.)11,2,103,10,817, (111.)11,2,78111,2,751111110-

amet amuammam
tantummodo IV, 16,49 ' tempuel,5, 44 ΙΙ,2, 65 ΙΙΙ, 1,’3,
“ 1111111111,4,21 1111111, 4,6 111, 4, 3, 85,9, 36 17,2,42, 10,7 11111-
83 IV, 1, 27, 8, 56 tantum II, 5, poris11,10,5 IV, 10, 74, 11, 17
56 17, 8, 69 1111111, 2, 1 ΙΙΙ, 9, 11115111(111.)1,4,20,’5,27Ι 36 ΙΙ,
4517,6, 12, 9, 58 1111111115. 3, 4, 6, 29, 7, 69 Ill, 1, 93. 129,
28 1111111119,12 tantum (111. 3,1 17, 5, 25 40, 6, 6, 7, 53, 9,
11)Ι, 5, 75 11111111, 7, 31 ΙΙΙ, 4, 56, 60,10,67, 14, 60 1111111111,
47,9,2317,,,’3485,’22,10,76 3,15113,79,,738,1,111111,
1111111,1,21 17,1,21υ tantos 103. 132, 3, 25 17, 4, 47, 6, 24, 8,
17, 16, 46 11111111, 3,11 tanta 50 tempora(n 11⁸³.)1,9,11 11, 9, 59
111, l, 55 1111111111, 6,30 111,111, 1,1417,6,47 tempora(ace.)
4, 41 Ι,5,48,8,6611,4,10,5,74,9,
TaprobanenI, 5, 80 50111,2,2917,9,88,10,11,
1111111111,,4 52 15, 5
11111511, ’210 38 tardae 111, 2, 76 1111111, 9, 28 ΙΙ, 1, 14 17, 6, 7 11-
11161111, 4, 26 IV, 10,‘ 50 11111(1Ι11.1 ΙΙ, 6, 21 1111111111,
Tarpe10119, 40 Tarpeiae (g) IV, 2, 61
4, 29 TarpeiaaII, 1, 57 17, 9, 29 111111ο11, 9, 65 1111111119 62 1111
1111115117, 8, 42 ¹ (111112,109 1111111111, 1, 150
Tauros 111 2, 45 1111ᾶί11117, 7,15
Τ1111111Ι, 2, 78 1111511111111317, 2, 33
11111111Π1,7·, 15 1111111, 3, 41 1111·1111111Ι712,24 1111111(1111.)11,
1ο111111,4,12 3, 73 .
tecta (11.)1, 2, 21 ΙΙ, 5, 48 tecta 1111111111,1517,15,18 1111111,
(111),Ι,,248111,42 5,4611,8,,211111 2,7017,,241
tegam (f )111 6, 57 tegeret IV 9, 11111111, 2, 73 ΙΙΙ,4, 10 teneas
26 111111, 9, 54 tegantur 1119 111, 1, 88 teneat IV 9, 86 tenere
28 11111(11.’.,.,1)Π1028175,4 18221111321111111,7,81
11110(11)Π2,35 111111111, 16 teneret IV 9 24, 16, 32 tenebat
11111(11.11.)Ι,8, 35 - 1,6,2 11111111, 3, 65 17, 9, 77
1115111,1,113 1111111111, 3, 14 1111111111Ιῶ
, ’11113111111,1,123 61 1111111111111.)ΙΙ, 2, 81 tene·
11111111, 3, 65. 82, 7, 11, 10, 9. 39 11, 11111, 5, 63 1111111171,7
7, 66, 8, 11 111, 1, 717, 9, 98. 11111117, 12, 29 tenoris1,10,6
115,14,57,15,38 1111111111, 4,33 tenuatur 117, 43
11111111, 3, 47 11111117, 3, ’,,35 6, 37 11111111(11.,)Ι7
11111111(111.)Ι7,7,12 1111 (11)17 9, 83 11111111(111.)111, 3, 93 ¹

 

