55

11111 Ν, 8, 81 tuenda ΙΙ, 2, 52,
5, 72 tuendae Ν, 5, 37 tuendo
11,12, 41

1η1111111ω111

151, 2, 27, 3, 79, 5, 51. 53 Ν,
4, 33

tument 1, 3, 54 tumuerunt 11, 3, 27

1111311111,7,28 ,

tumulatus 1, 6, 49

11111 Ι, 2, 95, 5, 86, 6, 15 Ν, 8, 29,
9, 22. 38, 16,4

1111111, 7, 15, 8,8 ΙΙ, 7, 62 ΙΙΙ, 2,
10 Ν, 7, 35, 9, 17. 24, 14, 46 tur-
1111 ΙΙ, 2, 100 Ν, 9, 5 turbam
ΙΙΙ, 1, 144⁰ 111115 Ν, 4, 27. 43, 5,
27, 9, 21. 71, 16, 41

turmae (d)1v‚ 10, 51

turpe Ι, 1, 44 ΙΙ, 3, 7. 37, 6, 19. 21.
22. 23 ΙΙΙ, 2, 26,6, 53

Turrani Ν, 16, 29

turris (111.) Ι, 6, 51

11111111 ΙΙΙ, 4, 105

1111111111,3,99 IV‚9, 111 11111

(n.) IV, 8, 40 tura (111.) Ι, 4 55

11,1,32;9,28111,1,162Ν8
29, 9, 33
Τ11111 Ν 16, 20

INDEX.

IV, 3, 30, 8,78, 15, 30 tuae Ι,
7, 20 ΙΙ,2, 104 111111,2, 114
ΙΙ, 3,38. 64. 80 Ν, 1, 12, 8, 64,
11, 13, 15,38. 42 11111111,5,34

- Ν, 15, 22 tuum ΙΙ, 6, 20, 7, 82

111(161.)Ι,3,8,6,18 ΙΙ,3,6,4.
18. 24, 9. 38. 54, 11, 14 ΙΙΙ,1,114,
5,44, 8, 20 Ν,3,8,6,30. 40, ἶ,
47,8,68.90;9,30 111511,9,10
ΙΙΙ, 1, 7. 9. 105120, 3, 74 IV, 6,
14 11111, 3,50, 10, 6 11101.)
ΙΙ,3, 97, 5,31, 8, 37, 9, 371. 61
ΙΙΙ, 1, 148157 Ν, 6, 4, 7, 54, 11,
10, 12, 37 1111111111, 7, 5. 15 ΙΙΙ,
4,111 tuarum Ν, 1, 35 111111,
5,13 ΙΙΙ, 3, 70. 84, 5, 26 Ν, 1,
4,9,44. 128 111111,2,130,5,1,
7,18 ΙΙ, 3, 70, 4, 8, 8, 33, 10, 44
111,8,7 Ν,9.42 tuas 1, 3, 68
ΙΙ, 2, 66112, 4,13 ΠΙ, 1, 42.
165 Ν, 6, 25, 8, 87 111 Ι, 2,
135, 3, 9.30,9, 35 4411570
6,’,’,.,’,’,,ἶ1882834951111164
13813933152411133
134.,303649 8,;239,’;13315,
37 11111(111Ι.)Ι, 3, 12, 44 86⁰. 88,
669481136094546 75

tutelae (g) Ν, 1, 36 1111111111, 111, 1, 74 Ν,3, 163 9, 62, ll,4

5,34

11111111, 79

Τ1111111111Ν, 12, 10 ’11111111 Ν 11111511 (g) 11 2, 13

12,11

Tyndaridisl, 7, 32 IV, 16, 26

11101111111 (imp.) II, 4, 33 tutata tyrannis IV, 16, 31

(111)Ι,4,39
11111111, 9, 80 ΙΙΙ, 1, 28, 6, 69 tuta
I, 8,8 ΙΙΙ. 1, 88 IV, 9. 74 tntum
I, 6, 21 Ν, 5,13 tutum (111.)

- Tyras IV, 10, 50

V

11, 2, 29 ΠΙ, 6, 5 Ν, 14, 58 11111 11111 Ν, 1, 34

1, 52, 2, 31 bis, 111, 6, 15 tutior
{1,695 10 tutius 1, 1,10; 2, 103 ΙΙ,
V

· 11,8, 53 111111Ν,5,34 111111,1111111,1,3.12,2,75ΙΙΙ,1,142;

3, 1 Ν, 7, 38, 15, 6 1111111111,
3, 60 11111111 Ν, 9, 71 uacauit
III,3,36

111111. 3,1,7, 6. 21 ΙΙ, 2, 95,3,75; 11111111ΙΙ,2, 12 1111111111,1,79

11111ω11ηιψ
11;ῊΜ1110111
1Μω111,1ὣ1111

7,
93, 0310752241 Ν123
3443771951828

2.
4
7

Ι,
1.
6
7,
7
3,
1
5,
8,
1

1· 1
offsawmsmnaw
13V1ffl⁶ae8ffl⁹w

1153640449341221111

uacuo (1111.)1,4, 13 uacuum Ν,
5, 25 1111111111, 1, 23 uacuas
ΙΙ,11,7111111111111111,141

411, 1, 07, 2, 21. 45. 94, 3, 61. uadis(abl.,)1V 92
47569167830669 11111111,,,3185,,,52ΙΙ,265Ν,04
111, 6 111, 1, 7. 88. 93. 130, 2, 1111111111Ιί1, 4, 13 Ν, 14, 3 ua·

lent 111 4, 7 Ν, 8, 40 1111111111,
1, 72 Ν, 6, 29 1111111111, 1, 56

1, 5, 5,15.17,16, 30 11111111, Ν, 8, 30, 9,94, 13, 47 1111111111,

2, 66 72 111, 3, 92 11111111111,
1,71 ualuere IV 3, 36 11111111

8 11 1 86 110· 5 30 35 111, 7, 36 1111111111, 3, 29,

10, 35

1,,702 11, 2, 100, 5, 74, 8, 24 1111115117, 3,5
111, 3, 35 IV, 1, 36, 6, 12. 30· 9, 11111111, 2, 21

Ι 0, 10, 72 1111114,14, 9, 14 11111111, 7, 24 11111111,7,14,11,8

 

