INDEX.

6061ῧέ1 11, 16, 16 6611111111,

gramine IV, 8, 41 gramina (n.) Ι,
8, 37 gramina (aee.) 1, 6, 52 1v,

· 6144151131, 6, 66, 6, 11; 11, 11, s. 11

ΙΙΙ, 3, 36, 4, 84 grandi (abl.) ΙΙΙ,

1, 81 IV, 8, 40 grandius ΙΙΙ,
3,104

·grandineI,7, 12 IV, 7, 34

grana (n.) IV, 15, 8

grates (aee.) ΙΙ, 11, 25 Ν, 4, 39, 9,

gratia Ι, 2, 66,7, 61 II, 1, 19,2, 45.
94. 110, 3, 82, 5, 36, 6, 32, 7, 52,
11, 8 111,1, 8099516. 2, 27, 4,
52, 5, 48 IV, 1, 21⁰. 23, 5, 39. 44,
8,4, 15, 35

gratis ΙΙ, 3, 14

Gratius IV, 16, 34

grator gratatur ΙΙΙ, 3, 89 sgratare
IV, 13, 21 gratatus IV , 9, 13

gratus III, 4, 81 IV, 1,22⁰; 8, 34. 37
616161,3,80111,2,7 Ν,1,7;

169

Ι, 9, 37 ΙΙΙ, 3, 59· 5656611, 7, 13
habeant 111, 2, 22 habebas 1, 9. “
49 5656561 ΙΙΙ, 3, 7 IV, 7, 26
5656161 ΙΙ, 8, 3 habebit Ι, 2, 86
ΙΙ,4, 27 56511111, 2, 139, 4, 33
ΙΙ, 9, 77 ΙΙΙ, 2, 59 habuere 111,
4, 40 IV, 11, 8 habe ΙΙ, 10, 52
5656161, 1, 32, 5, 64, 7,8, 10,4
ΙΙ, 3, 42ς5, 42, 6, 30, 7, 6. 76, 8,
52 ΙΙΙ,3,56, 4, 98,6,58 Iv,r,
11; 6, 66,·16,66; 11, 16, 16, 11;
14, 2. 613 1616 habensl, 1, 16
111, 3, 15 habenti Ι, 5, 23 56-
buisse ΙΙ, 1, 24 11,6,1ο,11,1
habitura (est) IV, ‘15, 35 habitura
(666.) IV, 5, 42 56561111 Ι, 5, 44
5656561 Ι, 1, 78 habenda (11.1.)
I, 7,10 habendo ΙΙΙ, 1,117 ha-
benda (n. 666.) ΙΙ, 5, 58 ,
5661611116 ΙΙΙ, 6, 51
Haemonia I, 4, 31⁰ Η66111611151,3,75
haeret 1, 9, 8 56616111 1v, 7, 37 566-
rebam ΙΙ, 3, 88 5666111, 9, 19
Halys IV, 10, 48

8, 2, 14, 57 gratum IV, 15, 17 harno (65111519 ,
grata (n. pl.) ΙΙ, 5, 14, 23 ΙΙΙ, 5, 56161161,6, 49 ΙΙ, 8, 53 IV, 4, 11

1236 gratior IV, 14,8 gratius
ΙΙΙ,5,18

grauidae H, 9, 30

grauisI,4,44 11,2, 15, 7,51 ΙΙΙ,
7‚111v,1,8;4,s graue IV, 10,

harenis Ι, 3, 49
harundine ΙΙΙ, 4, 107

566161, ’7, 5211, 2,26 hastae (d)

IV, 9, 45 hastam IV, 5, 21 566166
111, 4, 97

13 grauem ΙΙΙ, 8, 12 graue (aee.) hebes Ι, 10, 7

Ι,3,63 ς161116(666.)1,7,52 gra· hebetantem 1V‚1,17

niter I, 7, 49 grauior I, 2, 38 ΙΙ, Hebrum I, 5, 21

9, 72 111,,3, 76 grauius ΙΙΙ, 7, 33 Hector II, 11, 15

grauiore I, 2, 11 grauiora Ι, 2,12 1166161666 IV', 7, 42
grauitas ΙΙ, 5,29 ΙΙῙ,9,67 gravi· Helicona IV,2‚ ll

tate Ι, 9, 9

Heniochae IV, 10, 26

graues ΙΙΙ, 1, 10 grauaris ΙΙ, 11, 24 Η6111166ο611, 10, 25

gurgite Ι, 3, 13
gutta ΙΙ, 3, 90 IV, 10, 5
gutture III, 1, 22 “

Η..

166611111616 , ι

herba 11, 1,15 11, 1, 4. 61 herbas ι

1, 3, 11. 61, 6, 66 11, 16, 33

Hercule IV, 13, 11, 16, 7. 19
Η616111666 III, 3, 100
heredem II, 2, 50
Hermiones II, 11, 15

56166 Ι, 3, 5

1116111616 111, 1, 66, 6, 100 11, heu 11, 1, 16
1, 11, 6, 161, 16, 11 516611,1,11, hiberus 11, 1, 16 ·
41;1.16;1,66.6ο.66;6,66 111, 11161,1,36,1,15,11,5, 11 11, 1, 4.

18. 34, 2, 96, 3,46, 5,46. 52, 7, 42.
66, 8, 62254, 10, 16 ΙΙΙ, 1, 82.
128, 2,44. 96, 3,48. 86, 4, 16,8,
21 516. 9, 50 IV, 2, 3638, 3,32.
50, 5, 32,8,48. 50Ι 68, 9, 68, 10,
64, 12, 34, 14, 12, 16, 20. 38. 52
,5656111116 IV, 12, 21 habent Ι, 1,
74, 5, 54111, 1, 14. 158, 2,]04 IV,
5, 14, 6, 34, 10, 40, 14, 54 habeas

49, 3, 3 ΙΙΙ, 2, 86, 9, 11 IV, 6, 24.
45, 7, 17, 9, 77. 7879110, 12, 29.
38,13,3,15,4 56661, 2, 574.
88. 147, 6, 29. 31. 33. 39, 4, 31, 5,
55,6, 3. 26, 9,63, 10, 31 ΙΙΙ, 1,
19. 27. 36. 66, 4, 81, 8, 21 516. 22,
9, 25 IV, 1, 4. 21ς2, 14,3,31, 7,
13, 9, 43. 98, 10, 1, 12, 17. 29 hoo
Ι, 2, 65;3,93,6,13,8,61,9,45.

 

