1110011157

componere1,1, 113 5,59 componet 00000101101116,13 00000Ιο00οΙ11
Ν, 5, 21 composuisse ΙΙ, 9, 52 3,77 0000010100(001)Ι, 9, 19

ΙΠ, 3, 58 Ν, 16, 22 compositos conspicitur II 9, 15 conspicietur
Ι,2, 109 Ν, 9, 64 conspiciendus (eret) IV,
comprecorII, 5, 74 1316 conspicienda(acc)1‚ 8, 42
comprobet ΙΙ, 5, 3 constans ΙΙ, 7, 22 00001001111 4,
000001101Π, 6, 51 concessum 111, 33 IV, 12, 41 0000 001001 5,41
3, 69 00000000 Ν 8, 36 000010011011, 3, 69
concidit Ι, 9, 14 Ν, 6, 14 000001 Ν, 9, 5’. 63 bis consulis Ν, 4,
concipio 11, 7, 16 concepi II, 2, 9 46, 5, 1. 16, 9, 18 0000010 Ν, 3,
111, 7, 29 46, 4, 17, 5, 22, 9, 56. 66
0000110111, 14, 41 0000011111, 9, 34 00000101 Ν, 5, 24
concordia 11, 5, 59 IV, 12, 29 0000010111, 8, 24 consuliturl,3, 94
concors 111,2, 88 contegat I, 2, 58
concrescere IV, 7,7 concreto 11, 00010101ὲο0011,8,67 0001010015 Ν,
11,10 10,3
concubuisse IV, 10, 14 contendo II, 3, 80 contendere Ι, 5,
00000000 (001) 11, 3, 59 11, 49. 67
00011110οΙ1, 11, 21 000100101, 5, 69 00010011 ΙΙΙ, 2, 23
condereI, 5, 34 Ν, 12, 27 condidit IV, 9, 124 000100100111, 4, 80
I„8 14 conditur IV 10, 75 con· 0001000110οε Ν, 6, 45
1100111 1, 6 conditusI, l, 72 contero conteritur Ν, 10, 6
00011110 115, 1 00011110(000.)Ι,0001100000115,48
9, 54 0001100111, 6, 42, 9, 22
00010001, 1, 25 0001000 Ν, 10, 4 contingoc’on’tingerel, 8, 49, 10, 19
conierI, 6,48 conferreIV,10, 27 11, 1, 7 00011311Ι,3,48111, 3,
contuleris IV 10, 21 0001010 11, 52, 5, 16 Ν, 7, 16; 8, 38 001111-
4, 9 gedum, 1, 145 contigeritis IV,
000101001011,1, 74 5,16
oonflgo 0001100οΙ1, 7, 15 000110001001, 2, 24 0001100010 Ν,
confinia 11, 5, 71 15, 16
000110011,2,69, 3, 32,4,7 Ν, 9, 0001100001, 4,8 00011000 (051.) ΙΙ,
15,15,11 confitear 1, 2, 12 cou— 7,41
fessum II, 3, 87 0001000111, 2, 52 000100 (praep.) I, l, 26 ΙΙ, 1, 51 ΙΙΙ,
00010000 II, 6, 8 ΙΙΙ, 9, 45 4, 65 Ν, 7, 33
00000011, 5, 22 00010050 Ι, 8, 72 ΙΙ, 8, 35 contrahet
confugit 1, 2, 147 ΙΙ, 2, 27 III, 4, 8 ΙΙΙ, 1, 134 contraxi I, 10, 29 000-
00010000 (11) 1, 3, 3 traxit IV, 3, 7
coniugio IV, 11, 22 contrectari II, 2, 56
coniunx Ι, 2, 145, 4, 45 11, 2, 67, 10, 0000101111, 9,12 0000000011111, 2,
10111;1, 31. 74. 106. 114 Ν, 8, 87 conueniensII, 8, 43, 9,39 III,
11, 9,107 conrugrsllll, 16 ΙΠ, 1,24. 160,2, 110· 3, 99, 9, 36 Ν,
1,44 000100012,50,4,55;8,32 9,103 0000001001 1011, 1, 28
IV, 11,8 00000101000)Ν 9,129
00010010 ΙΙΙ, 3, 45 conlectae ΙΙΙ, 00001010 (eccm 6, 7Ν, 14, 39
9, 53 00001011500(11)1110,9
0001000100114, 1 conloquiol, 4, 54 00001010οΝ 3, 15
00000101000111, 6, 34 00001000 00001010 (00)Ιῖ 9, 69
conminuere ΙΠ, 3, 34 000010001,2, 130
conmutabitur IV, 14, 11 copie Ι, 10, 32 II, 3 95 111, 1, 102.
conerII,7,33 conantem Ι, 6, 41 137 Ν, 5, 15,10, 59
0000011111, 9, 29 0001,6,2 00011101, 3, 22 corI,3,
conquercrIV,3,l 32 0001101112, 100
0000000001, 5, 55 0000111017, 2, 37, 8, 83
consero 00001101, 8, 47 00001011, 8, 58
0000111οι0111, 6, 48 Ν, 12, 48 con· 00000 (051)1 1, 39
011111, 6, 16 00000011, 4, 64. 102 000005111, 1,
000010111111 7,3 · 11 Ν, 14, 55

 

