13322. 213

2,.12 ..23 22 33 213 3313 22Ι 3·313311323111,2,12ῑ
4,.63..777981;5,29.40,,615. 8,9112313ΙΙΙ,5,92113113ΙΙΙ,,4
52, 9, 338. 51 111, 2, 32, 4, 23. 37 1131133311, 10, 11 usus (est)
6581316396293772 Ι,,7,46113318,3411311,(ζ,,)13.
8,584 85899516 52 74 94 64 1130311,2,101
95. 97, 10, 16. 33, 12,8. 12,13 7 1223211315, 11, 13 ΙΙΙ, 1, 4260.
15, 5· 16, 50 1211 13. 3311111, 2, 77. 121 ux91iIII, 7, 11 χ
103 ΙΙ, 3, 53 ΙΙΙ, 3, 27, 9, 51 11112131, 3, 51 ΙΙΙ, l, 13 1111131, 7,13
1223112333111, 9, 53 IV, 14, 3 1131332131112, 97 1112121 33213111 n.)1V,
11,232312311 5, 66, 9, 21. 64 ΙΙΙ. 2, 34. 9, 25
86 111, 8, 76, 9, 109,12,21,16,10 3111311313311, 3, 8111, 16, 38 uulgo
1122331131, 4, 36 utrumque 1119 III„4 19
36 3223333312] m.)I, 4, 22 11223111- 2212323111, 7, 41
que IV, 10, 56 32231211331212 .) I, uulnus 1212133213 Ι, 5, 38 11,2,55
3, 58 1112133231,2,15,3,6 ΙΙΙ,1,54 111,
utilitas II, 9, 35 ΙΙΙ, 9, 56 IV, 9, 48, 7, 38 uulnus 1, 5, 23, 7, 50 ΙΙ. 8,
12, 46 21111121131332. utilitate 54 3313323121 ).Ι, 3, 16. 22. 88,
ΙΙ, 3, 8 ” 6, 22 311133231333.) 11, 2, 23, 3,
32111311, 2, 48 Ι11,4, 4, 10, 6 utile 94 111, 7, 26. 50 IV, 11, 419
ΙΙ,3, 18 112113 (a6c.)I, 5, 41. 53 12111123 ΙΙ 2, 5, 5, 51 11111 um 111 1,
u 111523 ΙΙ 1, 13 32111232111,2 145 IV,3, 7, 4, 9, 8, 13 1111121111
48 3211133111, 3, 24, 7, 35 1, 28, 8, 39 uult tus 1113112, pl.) ΙΙ,
1221113131,4,57, 5,28; 8,49 ΙΙΙ, 1, 8, 21 ΙΙΙ, 4, 27 21212113 133311, 4,
1333123333333,2333333223333
11, 5. 21, 14, 43; 15, 21 ’ IV, 1, 5, 4, 46 1121215113 (abl.) 111,
23223233ω232Ν3,123

 

