mnnx.

61666666666666

Ι, 4, 55 digne ΙΙΙ, 2, 109 digne
Ι,2,13215,16 dignosII, 8, 33
dignes IV, 13, 11 dignis IV, 5 22
dignior ΙΙΙ, 8, 3 lV, 13, 30

dilapsus (6611 ΙΙΙ, 3, 93 dilapsis lV,

611111161Π,2,23 6116111111, 14, 35
6116616(61)1.)Ῑ 8,1 6116616611,

61161119, 53 6116116111, 10, 62

6116 (6.1.) ΙΙ, 8, 41 11, 9, 84 6116
(6. pl.) 11, 9, 68 61166111, 2, 102

discedens I, 4, 47 discedere IV,

616661661611 15, 25

6166111616(6111.1ΙΙΙ,3,46.48

(1186061666161, 5, 49, 8, 55 didici
II, 1, 21 ΙΙΙ, 2, 40 didicisti 111
3, 53 didicereI 2, 85 ΙΙΙ,,8 10
didicisset I, 4, 42 discere ΙΙ, 6, 11

, didicisse II, 9, 47 111, 3, 69

discrimen (ecc.) Ι, 8, 62

6166116 ΙΙ,2, 96 diserti H, 5, 51
6166116(666.1 ΙΙΙ, 5, 8

6161111111, 10, 30 disparibus II, 5, 1
111, 4, 86

dispositas ΙΙΙ, 3, 16

dissidet 1, 6, 6

dissimilis II, 11, 11

dissimulas IV, 3, 9 dissimules I,
6, 3 dissimulare 1, 2, 146 61661166-
16161119, 40

61616111, 3, 443 5, 65 ΙΙΙ, 2, 46, 5,
56 6161611, 2, 10411, 8, 86 616·
1661161, 5, 81

6161611616 ΙΙΙ 1 ,153†

611616 (est) 11 7, 62

niul, 2, 85. 9916, 121 10, 14 11, 8,

diueisum (666.61.,1Ι 5, 67 61661·
sur? (666 61,ΙΙ 10, 18 6166166
(6 16,1

61666 ΙΙΙ, 1, 102 6161116Ι1,3, 39
616111616 ΙΙΙ, 4, 110

61616611, 9, 48 61616116611, 5, 73

61616611, 3, 49 6161661, 2, 142

diuitias 11, 8, 7 -

61666Π,2,87

do IV, 9, 111 661 Ι, 10, 24 ΙΙ, 5, 41.
69 Ι1,8,31110, 15 6661661, 9,
43 ΙΠ, 3, 47 IV, 8, 36;9, 123. 130
6611611, 7, 79 66611, 2,’83 111,
4, 96 11,9, 104 6611611,2, 901
7, 52 111, 2, 91 66111111 9, 31'
11,4,4019,473 666Ι’,7’,64
6611, 10, 12 ΙΙ, 2, 64 11,2, 101
9,54 666111, 1, 53 66161246,

1666166116 61161116.

161

8, 60 11, 3,·32. 68 ΙΙΙ, 3, 11 7, 381
8,71 66166111, 2, 81 9, 13 da—
166 ΙΙ 11, 12 ΙΙΙ, 5, 32 6616111,
16, 34 661611611, 14, 51 661661
11,,1936163166Ι.7,,,22112
3716131171836ΙΙΙ,9,55Ι1,
1616666Μ16
666161, 9, 34 II, 3, 88 66611611,
9 68 66611,1,1611,1,613,72
11, 6,18 666161111,5,13 dedit
I, 5, 6819,42 11, 1, 56. 6012, 601
7, 3618, 601 9, 50 ΙΙΙ, 1, 5012, 11
IV, 6, 281 14, 581 16, 9. 44 6661-
61661, 5, ’411 7, 30 6666161, 2,
105 ΙΙΙ, 2, 8 6666116 11, 7, 46
dederint IV, 13, 32 dedisse l, 1,
34 ΙΙ, 1,30 111, 3, 66 11,4,12
dedissem IV, 9, 33 66616666 11,
8, 7 661611, 8, 21. 74 IV, 15, 21
dentur 11, 3, 97 11, 10, 30 66-
1166161111, 2, 91 6616161111, 9,
51 6611116111, 1, 61 66111, 2, 60
11,1,8; 7, 20 66666111, 4, 90
66666 11, 8, 1 6111661383 11, 14,
52 (est) 6611 (g) Ι, 3, 64 deti (1.11,
2, 136 IV, 9, 68 6616 (n. pl.) 11, 9,
59 11, 2, 81 8, 40 6611611, 2,80
6616 (666.) 11, 4, 10 datos IV, 8,
umfflmumffinnme
16 6666666111, 3, 41 66661161,
1,7 6666161114, 32 6666111,
13, 25 6666111, 4, ,017 docuisse’
IlI, 3, 24 6661661, 1, 23, ΙΙ, 9,
58 6661111 8. 77 666166 (311,

166666616,6“

66611 (n.p1.)'111‚ 9, 45 doctorum
IV, 11, 12 66616611, 5, 1 doctis·
sime 11, 5, 15

666111666 (g 111, 10, 16

661661, 7, 70 661611, 6161 2,122
6616661, 9, 30 66161, 7, 70 66·
166111, 3, 850 6616111, 3, 67 6ο-
1111611611, 6, 49

dolorI,l-, 76110, 511, 3, 63 1,39
111,1,13413,73 IV, 7, 401 11, 18
6616111, 1, 61 6616161111, 6, 41
IV, 11, 13 66161611, 10, 10 IV,
10, 69 6616166 Ι, 10, 23

domesticus Π, 2, 47 11, 3, 151 10,
41 6616661166 IV, 14, 49

domini (g) I, 9, 14 ΙΙΙ, 4, 45 IV, 9,
7115,17 66161661, 2, 134 66-
minum ΙΙ, 8, 26 6616166111 IV, 5, 7
66161661, 5, 84 111, 6, 41 domi·
nosI, 9, 36 161, 12

domiti) IV, 16,19 66616661(6.)Ι1,

ss

 

