18881. · 165

extinctis 1, e, 55. ee extinctos sactum faeti 11, 3,13 2111, '1, 110

111, 6, 35 Ν, 16, 51 1881818111, l, 147, 2, 24 18818111,
extat 11, 10, 46 Ν, 14, 44, 15,1 ex· 2, 102 Ν, 7, 32. 54 188118 ΙΠ, 1,
1881117,9,101 83 18818ΙΙ,6,18,11,26111,1,

extremi (g) 1, 3, 49 extremum (888. 64,2,98 Ν,8,88 18811811, 3, ,

8.) Ι, 9, 28 ΙΙΙ, 7, 20 extremo 25, 10, 75

(abl.)1‚7,5 extremis (abl.) III, 1888811181,2,67,3,11 ΙΙ, 3, 75, 5,
exulis ΙΙ, 6,3 exulibus (d) Il, 7, 67 facundus facundi ΙΙ, 2,49 18888-
8118181111,9,41 dum Ν,9,47 1888868111,5, 16

Ν,4, 37
F· Falerno IV, 2, 9

Fabiae ΙΙΙ, 3, 2 Ν, 6, 9 18111881, Falisca IV, 4, 32 Falisco IV, 8, 41

2,4 fallax Ν, 2, 41 181188111,7,9
1811818ΙΠ,2,97 18118Η,8,71 181181ΙΙ,9,29 fal·
facies ΙΙ, 8, 73 ΙΠ, 4, 35 Ν, 13, 15 1818111, 1, 108, 3, 53 fefelli Ν,

18818811,2, 23 Ν, 9, 81 18818 10,67 181181Ι1,8,21 111,2,29

ΙΠ,9, 10 18188 ΙΙΙ, 1, 126 Ν, 7, 4, 14, 39
1881118 ΙΙ, 2, 113 188118 II, 3, 11 18· 181881, 5, 84. 85 ΙΙ, l, 1. 19, 3, 86,

81111, 5, 59 facilem 1v‚· 6, 32 18· 5, 27,9,3 ΙΙΙ, 1, 47. 54, 2, 61. 70,

81188 (888.) ΙΙΙ, 3, 91 Ν, 4, 30 4, 20. 41, 9, 46 Ν, 3, 4. 28, 4, 16,
facinus 1, 6, 25, 7, 40 8, 46, 9, 87, 16, 3 1811188111, 1. 46
18818111, 2, 78 188181, 6, 43, 7. 65 famae ΙΙ, 3, 77 fama 1, 2, 141,

II, 3, 5. 46, 5, 22, 6, 7. 15 ΙΙΙ, 1, 5, 67

90,2,4, 3, 82, 6, 15 IV. 2, 8, 3, 18818181,2, 85 Ν, 3, 40

29 188111, 3, 860, 6, 31. 33. 38, 8, famulo II, 2, 76

28. 62, 9, 40 ΙΙ, 7, 76, 8, 26, 11, 1888111, 1, 132

20 111, 1, 56, 2, 55, 4, 81. 112, 7, 188 ΙΙ, 4, 6, 8, 37 Ν, 8,·55, 16, 45

34 Ν, 4, 43, 7, 50, 9, 94. 97. 102, 188888 Ν, 9, 4. 42 18881688 Ν, 9, 62

10, 56 1881811111, 7, 63 Ν, 8, 9 fastidita IV, 1, 19

18818181, 2, 7, 5, 43, ΙΙ, 6, 6 Ill, 1881111181, 10,7

9, 31 Ν, 13,18, 15,31 18818811, 188188 (888.) Ν,0,16

6,15 ΙΙΙ,1,33. 77. 90 Ν, 4, 40, 1818188Ι,8, 64

12,50 188181111, 1,36 18818118 181881Ῑ,7,55 Π,2, 19109 Ν,8,

Ν, 5,8 faciant 1, 2, 77. 97;4, 49 35 1818118 Ν, 3,19 1818181 Ν,

111,1,137 Ν, 4, 47, 10, 19, 9,3 3, 31, 5, 31 fatemur II, 2, 29,

18818111,5,63 188181Ι,1,65 18· 3,7 18185811, 7,35 Ν,1,5, 4,

81881 Ν,8, 33 1888188 ΙΙ, 3,99 49 1818111, 2,9, 6, 3 ΙΙ, 1, 11

1881, 2, 70 ΙΙ, 6, 35,9,37 ΙΙΙ, 1, ΠΙ,1,79,9, 19 Ν,5, 13 faten-

68146 Ν,3,57 1888 ΙΙ,2,60 18811,1,51 188881, 7,22 Ν, 2,

188118 ΙΠ, 1, 159 188818 l, 2, 95, 23 fatenda (881) II, 9, 72

4,7 IlI, 2, 101, 3, 54 Ν,9, 47 1811381Ι,2,26 ·

188111, 9, 71 ΙΙΙ,3,37,11,11 fe· 18181811, 8, 59 Π1,5,27,7,17 Ν,

81111, 2, 13. 66 III, 4, 57 Ν, 1, 6, 3, 12, 36 1811 ΙΙ,4, 30, 7, 34

28. 33, 4, 5, 7, 20, 8, 80 18881881 Ν, 10, 11 1818 I, 2, 26, 5, 14 ΠΙ,

Ι, 3, 30 fecerat IV, 10, 33 1881888 5, 57 18181, 2, 61. 92 Ν, 9, 36

ΙΙΙ, 2, 61 fecissent Ν, 14, 61 fatis (6) ΙΙΙ, 4, 76 1818(888.)1.

1881818111, 11, 19 1881818115. 35 9, 22 II, 7, 17 ΠΙ, 6,14 18118

188188Ι,5,811,3,71,10,12111, (861.) 1, 6, 54, 7,56 Ν, 1, 25,9,9

1,50,2,28117,2,22 8,5 1881818888Π,5,64 18881ΙΠ,2,22 18-

I, 9, 2, 1, 67, 2, 30, 4, 6 ΙΙ,4, 18 8888111, 3, 95, 4, 3 faueant Ι, 1,

ΠΙ, 4, 64 IV, 1, 14. 32, 12, 26 63 Ν, 9, 97 188818 ΙΠ, 1, 63

18811111 11, 4, 13 factum (888.) 111, 18888811, 2,39 ΙΠ, 1,160 fauente

5, 39 188181,1,6011,6,11 ΙΙΙ, ΙΙ,6,20,9,36

8, 88 1v, 8, 4339, 108 81818, 810111818848181818 fa· ¹

73 ΙΙ, 9, 46 18818 (n. pl.)I,6, 23 88118 ΙΙΙ,4, 38 188818111,4, 15.
ΠΙ, 4, 60 18818 (888. pl.) Ι, 8, 10 29. 71
Ν, 9, 132, 11, 3 188188 Ν, 7, 47 18888 Ν, 15, 10

 

