INDEX. 211

uindico uindicat IV, 1, 33 uindicet (abl.)11‚ 2, 117, 7, 49 ΙΙΙ, 9, 37
1, 3, 56 uitiis (abl.) lv, 11, 11, 13, 11
uindicta IV 6, 33 uindictae (g) II uitat 11 7, 12 ΙΙΙ, 2,13 uitare 1, 2,
8, 24 45, 6,51 1111111111, 6, 10
1111111117, 2, 41 1111101, 5, 45 uina 1111111111 11.)17,13,17
(aec.) ΙΙΙ, 1, 162 17, 2, 9, 7, 8 11111 aIII, 3, 51 ui 111 (abl)1112 75
molentun IV 6, 35 1111111178,47
uiolassel, 1, 51 mola us 111 5, 45 11111111, 1, 49 ΙΙΙ,2,34 Ι7,5,31
1110111101 11, 2, 27 uiuimus Ι, 2, 37, 8, 5 uiuunt Ι, 8,
uipera ΙΙΙ 3, 102 47 1111111117, 3, 17 uiuatl, 1, 42,
uipere01,2, 16 17, 7, 36 6, 31 1111111111, 8, 42 uiuel, 9,
111111, 8, 23. 45 ΙΙΙ, 2, 109 17, 9,96, 24 11111111, 7, 10, 9, 8 111, 4,75,
10, 76 111111,2, 87.118. 150 ΙΙΙ, 6,17 111111111111, 4, 69 uixerun1
l, 66 11101, 1, 34 ΙΙ, 9, 12 17, 11, 6, 25 1111113111(11111111,5
3,43,5,2 11111111,3, 65 17, 8, 11111119, 49 1111 Ι7,8,65 uiuo
12,10, 73 11111111, 1,102 Ι7,3, (11111141 uiuis (d) IV,16,4
48313,30 uirorum I,3,61 ΙΙ, 3, uiuos III,4,73
47 11111111,1,3017,8,44,10,52 111111, 2, 12. 16, 4, 28, 5, 10. 75, 8,
uiros 111, 1, 92, 3, 56, 4, 104, 6, 42 12, 10, 25, 38 ΙΙ, 1, 2. 24, 3, 30,
IV, 7, 30, 14, 48 111111 II, 1, 38, 6, 5, 17. 24, 7, 20. 42, 8, 14, 9,14
30 ΙΙΙ, 5, 24 ΙΙΙ, 1,142. 154, 4, 19, 46. 47, 6,
11111111, 4, 90 1111111 Ι, 3, 52 46, 8, 6, 9, 31. 39 17, 1, 14, 2, 27
uirgineus Ι, 8, 38 uirgineo (abl.) 1111, 3, 27. 40. 50, 4, 42, 6, 30, 9,
111, 2, 58 16, 10, 356280, 11,1,12,43.51,
uirgo ΙΙΙ, 2, 81 uirgine ΙΙ, 2, 78 15,25
uiridi IV 12, 29 7111111111, 1, 53 17,10,9 vlixis
1111111 111, 17 ΙΙΙ, 6, 19 7111111117, 16, 13 Vlixe
11111111, 2, 109, 3, 36 ΙΙΙ, 1, 94, 4, 17, 14, 35
111 IV, 2, 35, 7, 18 51, 8,47.63 11111111, 1,28; 105111, 6, 2317,4,3
1111111111, 8, 31 1111111111, 1, 54 11111111, 7, 64, 8,14 ΙΙΙ, 1, 7. 86
1111 11111,8, 17 111,1, 115 IV, 9, Ι1ζ,1,1ο,1,41,1,11.111 11111 Ι,
79, 13, 97 uirtutem 11, 3, 12 111· 1, 59,3,2 111, 9, 39 17, 6, 27, 10,
tutibus (d) 111, 1, 63 uirtutibus 80 ullum 1, 2, 33v ullo ΙΙΙ, 8. 5
(111111, 3, 1, 8, 23 IV, 8, 85, 15, 39 11111, 7, 18 ulla

. 1118111117 10,46 uiresl, 4, 3;5, (n n.) 11, 2, 14 11110117,2,31

51 ΙΙΙ, 4,,79 9, 181V, 13, '11 uires ulla II 1, 7 ΙΙΙ,7, 18 11111112,

(111.,)Ι2,36,311737 51 9 92111119

29, 10, 4. 33 II, 2, 66. 118, 5, ’169 1111111111, 8, 13 .

7,76 ΙΙΙ, 3, 34; 6, 24 17,1,0 4211111111, 2, 57 ΙΙΙ, 6, 56 IV,11,6

60 uiribus ΙΙΙ, 4, 13, 5, 14 17, 1111111111, 2, 63 1111111111, 2, 72,

15, 12 5,1 ΙΙ, 7,66 1111111111 Ι,3,82 11,
uirus (acc)IV 6, 34 3, 83, 7, 66,8, 11 ΙΙΙ, 1, 70,4, 58
1111511111 ΙΙ 1, 21 17,1,35, 13, 34 ultima (11.11.)
1111710175111642104 17,14,5

749 17 16, 49 11111131, 2, 144, 8, ultor II 8, 49
29,9,12.213111,,34,5,74ΙΠ, 11115111,2,112ΙΙ,2,96,7,14111,

2 ,29 17, 1, 2, 11120, 155 uitae 3,3 11115151, 8, 65
IV, 1, 26, 5, 37 11111111, 2, 90. 7111111151, 8, 67 ’
105, 7, 47 ΙΙ, 1, 45· 3, 42 17, 3, 11115101517,5, 41
38, 5, 31, 15, 3 111111 2, 60, 1111111ΙΙΙ,4, 101 umeris(ab1.,)II <
111110111117, 14, 31 umidaI,9‚ 2 IV, 4, 1
7111011117, 7, 27 11101111, 3, 97
1111111111111111, 10, 3 1111111111 1111517, 1'6, 27
69 17,2,19 unca(aec)117,10
11115111118,13 11111111,1,70,10,35 ΙΙ,,2 92, 7, 60,
1111111111, 5, 6 ΙΙΙ, 3, 101, 9, 5 uitii 9,10 17, 10, 63 1111111111,3,75
ΙΙ 3, 2⁰ 1111101111 17, 1,5 32 uitio 1111115111, 5, 173 7, 27 17, 7, 27,8,

14*

 

