1 11111131.Ι 199

matisc 111, 8,8 sarmatici 1,3, Scylla III, 1, 192 111,10,25

60 sarmatic0s1,5,50 sarmati· Scythis 111, 9, 45, 96 ΙΙΙ, 6,5

cas I, 2, 45 6516151166 ΙΙΙ, 2, 40 5651116111,2,108 IV, 9, 81 scythico
sarmatis I, 1, 112 ΙΙ,7,72 Ι,1,79, 3, 37 ΙΙ,8, 36 scythici
631161,·2,88, 6, 56. 53, 9, 23, 8,4 Ι,2,108 ΙΙ, 1,3 ΙΙΙ, 8, 19 ’ scy-

11, 1,4151111, 1, 151, 3, 31, 5, 1116561111 11, 1, 65 111, 1, 56 =

10 IV, 11,16 scythicis 111,1,16

Satyrum ΙΙΙ, 3, 42 SatyrislV, 16,39 secreto (edu.) IV, 9, 31

saucius Ι, 3, 7, 5, 37 IV, 14, 44 sau· secundus ΙΙ, 2, 86 secunda ΙΙ, 3,
615(11.11,)11,7,13 - 23, 26 IV, 19, 14 secundi) lV,

Sauromatae Ι, 2, 77 ΙΙ, 2, 91 ΙΙΙ, 15,27 ’
2,37 ι6611116(11.)111,1,95 securi (cl) IV,

6311631,2,30 4,31

53111112, 53 56113111, 3636, 10, securae (g) 11,4, 23 666111111111666.)
7,40 ΙΙΙ,6, 44 IV, 7, 34310, 49 Ν,10,30

scabra 1, 1, 11 seu 1, 1, 9. 19. 46, 16331. 103. 191.

. scandere ΙΙ, 1, 57 145, 3, 33. 89. 91, 4, 7, 5, 14. 63.

5661616115 1, 6, 29 scelerata (acc.) 83, 7, 37. 43. 56, 8, 25. 48. 01, 9,
Ι,6,20 40, 10, 23 ΙΙ, 2, 15. 23. 30107.

scelus I, 6, 20 scelus (ecc.) ΙΙΙ, 109. 113122, 3, 7. 31. 32. 97, 5,
6,13 31.65,6,1,1,6.31.31.51,3,15

scens 111, 1, 53 111, 1, 11. 33. 31. 33. 115. 153. 161,

ScepsiusIV, 14,38 2 94 3, 97,4,25 bis. 103; 5,11,

5135651311 111,1, 61 64 1,35,3,1.3,3,61.56 11,

561116611,2, 109, 5, 19. 35, 10,17 2 39, 3, 27, 6, 3,7, 40. 51, 8,
11-,3,65,5,53111,1,33,1,33, 9

‚⁹ 761
.’31’. 11. 16, 3,11. 111, 16, 11.

1, 11, 1, 11 11, 9, 11, 6, 31, 9, 36, 31;11,11,11,33,13,5.33,11,13. ,Ι

5611111616 IV, 12,7 scindentur 111, 5611111132,7 20 IV,9,32 sedere I,

. 1151 1, 52 sedissem ΙΙΙ, 5, 23

scio 6615 1, 10, 30 ΙΙΙ, 3, 49. 72 IV, sedis IV, 4, 29 sede ΙΙΙ, 5, 53 IV,
3,8,9, 127 scitIV,9,116 661- 14, 59 sedes (acc.)I, 3, 68 ΙΙΙ,
musI,1,41 IV, 8, 58 sciatII, 2,84
5, 12 IV, 15,4 5611611, 11,4 sedauit IV, 11, 19
ΙΙΙ, 7, 24 sedulitas 111, 8, 18

scopulos Ι, 1, 70 IV, 14, 21 seges IV, 2, 12 segetis 11, 7, 25

scribimus Ι,5, 10 ΙΙΙ, 9, 41 111, segeti Π, 1, 14 segetes (acc.) lV,
10, 69 scribam I, 5, ’29 ΙΙΙ, 15,9
9,37 IV,14,19 scribas IV, 13, 6651115118, 75,ΙΙΙ, 4, 50 segnia
37 scribere Ι,5,17,6,22,7,4, 1,5,43
10, 16 11, 6,4, 10,2 ΙΙΙ,4,42,6, 5611111,9,27
12 11,1,11,2,34,15,33 scripsi 66111611,’2,19 11,4, 18, 7,9 ΙΙΙ,
ΙΙΙ, 6, 45 IV, 13,19 scripsit IV, 7,24
14, 33 scripsimus ΙΙ, 9, 73 ΙΠ,3, semen (acc.) I, 5, 34, 8, 58

51, 4, 20 scripsere 111, 4, 17 66165611,2,20,2,39.123.137,3, “

scripsisse 1, 2, 9, 5, 15 scripsisset 17, 53, 4, 15, 7, 58. 61, 8, 22, 8,

111, 6, 3 scribentem 111, 9, 91 3641131611,1,34,3,13,1,1.11,

6611516111 (acen.) lv,9,11 scriptu 6,17, 7,18, 10, 46. 52 ΙΙΙ, 1,5.

1,1,13;3,36111,4,1311,3,51 131,1, 163;6, 11,,,11 11, 3, 31,

5611511111, 7,7 Iv,16,94 scripto 6,23,8,10,9,19,10,12,14,18,

(d) 111, 9, 14 scriptas ΙΙΙ, 2, 90 15, 29. 57

6611513Ι,2,135, 7, 30 Π, 5,58 serratus (g) IV, 9,17 senatu IV, 4,

111, 4, 53 11, 1, 31, 1333 'scriptis 41, 3, 11

(19111, 9, 33. 55 scriptis(ebl.)1, senescit Ι, 4, 14

5, 83 111‚9. 36 11,8,51,14, 37 senex III, 2, 41 66111611,14,32

6611561111 IV, 2, 29 56116111 Ι, 4, 20 IV, 16, 18
sculptile 1v‚9‚·28 senis (d) 111, 3, 30 senosIV,9‚4
scuti IV, 7, 38 scuta (n.)111, 4, 103 senilis Ι, 4, 2

 

