152 111111.

11117,9,53 11111,2, 147 ΙΙΙ, asperitas 1,6,8 Ι7,4,22;14,36
4,31 11,)11111,2,47 uspicisl,1‚9 17,
aratrum 111, 215 aratri Ι, 8, 57 7,3. 11 11111111,5,74 aspicias
111111111111,9,48 Ι, 3, 55 aspiciant ΠΙ, 1, 166
111511ΙΙΙ,1,20 11111111,2,2317,5,4Ι aspicol, 433 III, 2, 92 aspi-
111117,1,24 1111111113, 77 aspiciam IV, 9,
11111111, 3, 56 42 aspiciet 17,4,46
arctoo II, 10, 451 ast 111, 2, 70 IV, 12, 3
Arcturum ΙΙ, 7, 58 astrictis ΙΙΙ, 3, 26
1111111,2,19 ΙΙΙ,3,33 11111117, astris IV, 8, 63 11111ΙΙ,9,62
8, 75 111111, 1, 79 ΙΙΙ, 5, 45 17, 111, 1,36,2, 19. 41.101,3,47,4,25.
3, 52, 9, 78 arcus I, 2, 83 arcus 34, 5, 25, 6, 17, 7, 40. 70, 8, 21.
Ι,5,50 39. 63 ΙΙ,2,91,,3,17 ΙΙΙ,3,41.
arduus ΙΙ, 8, 61 ardua ΙΙΙ, 9, 23 59. 107, 5, 21, 6, 3. 33, 39, 9,23
ardua (acc.) ΙΙ, 2, 109 17, 2, 47, 4, 21, 6, 39, 7, 29, 8,15,
argentum II, 8, 5 argenti ΙΙΙ, 4, 23 9, 29, 10, 43, 71, 11, 19, 13, 43,
argentoll,1.37 ΙΙΙ,8,3 14,41
Argolica Ι, 3, 70 Atho Ι, 5, 22
argumentum IV, 15, 26 atque Ι, 5, 28, 6, 38 ΙΙ, 1, 29. 51, 3,
arguit 1, 6, 42 arguat IV, 6, 50 50, 5, 53. 55, 6, 25, 9, 57. 60 ΙΙΙ,
aristas ΙΙ, 7, 25 4, 20. 34, 9, 27. 50 17, 7, 13, 8,
Aristaeo 17,2,9 82, 9,9,51, 11,5.2Ι, 13, 12. 37,
Aristarcho ΙΙΙ, 9, 24 15, 21, 16, 46
AristidesI, 3, 71 Atreus Ι, 2, 119
arma Ι, 3, 28, 8, 26 IV, 9, 94 arma 1111111111.) Ι, 7, 24 17, 4, 27
(111.) Ι, 1, 26, 2, 22. 82, 3, 69, 5, Α1111111(1Ι11.)Ι,7,32
38, 8, 16 ΙΙ, 1, 40, 2, 12. 23, 9, 55 attenuaret lv, 5, 38
111,3,41;1,31;1,51 Ι7,16,34 Α11111Ι,3,68
11111111,3,69,7,12,8,51Ι,1,51, Α11111ΙΙ,4,2,7,2
2, 75,8, 69,9, 45 IV, 6, 35,7,31 adoniam, 12 ΙΙΙ, 6, 47 attonitas
armento (abl.) ΙΙΙ, 7, 15 ΙΙ, 3, 00
aro IV, 2, 16 11111, 4,2 auctor Ι, 1, 6 ΙΙ, 3, 31, 9, 19 111, 2,
ars ΙΙ, 8, 60 artis ΙΙ, 5, oo, 11,2 105, 5,3, 91) IV, 16, 25 bis aucto-
11111111,9, 73, 10, 15 arte Ι, 3, ris ΙΙ, 10, 3 IV, 9, 67 auctori IV,
18. 25, 5, 36. 50 ΙΙ, 9, 4044. 76, 14, 40 1111111111,1,32, 5, 78,
1111 111, 8, 10; o, 11 11, 3, 40 r‚3 11,11,⁶.›o lv, 13, 11 aueto-
artes Ι, 1, 12, 4, 41 ΙΙ, 6, 40, 9, 47 ribus ΙΙΙ, 4, 37
IV, 8, 77 artibus Ι, 3, 5, 5, 54, 6, auctumnus Ι, 8, 28
7 ΙΙ, 2, 102,7, 47 ΙΙΙ, 3, 38. 70(11) 1111111137 1111111111,5,63
articulis (abl.) ΙΙ, 3, 18 audet ΙΙ, 2, 34 audetis 111, 7, 37
artificis IV, 1, 29 audent I, l,5 audere II, 1, 11
artus (111.) Ι, 10, 27 fv, 19, 51 auderem ΙΙ, 3, 77 audebo I, 2, 9
arius artis 111, 2, 25 artius IV, ausus (sum) 11, 5, 28 ausim 1, 10,
12,10 15 IV, 11, 11,12,15,16,41 ausa
1111111111,2,107 17,15, 21 111117, (111) ΙΙ, 2, 161111) IV, 14, 32 au·
15,7 aruo Ι, 5, 33 Ι7,7,3 1111 dentem II, 5, 29
1,3‚ 56 1111(111.)Ι,8,68 IV, 11117,13,2
16, 18 aruis Ι, 4, 11. 43, 9, 45 1111·151,2,8
ΙΙΙ, l, 19 11111111,2,9317,9,129 audire ΙΙ,
urx arcis IV, 1, 31 arces ΙΙ, 1, 57 7,3 ΙΙΙ, 3, 11, 10,17 audisti Ι, 6, 1
IV, 9, 29 . audierit 17, 9, 120 1111111117.
ascitus ascite 1v‚ 9, 127 9, 32 audiet IV, 15, 38. 39 audior
AseraIV, 14,31.34 lII,9,39 auditaI,·2,113 ΙΙ, 3,

Asiae II, 9, 21 Asiam IV, 10, 55 65 IV, 3, 39 audito 111, 2, 81 IV,
111111(1,,11.)ΙΙ,7,561111111111.) 3,10 1111115 111, 4, 32 auditis
1111111111 asperiora 17, 111,4,22

10, 36 · 11111111117,2,35

aspergiturl,4,l aufe'rslli,2,3 111111117,5,26

 

