132 1111111.

domus 1, 7, 36. 57, 9, 13 11,1,18, (11111111, 7, 16 duram IV, 3, 44
2, 09, 3, 73, 6, 16, 8, 56 ΙΙΙ, 1, durum ΙΙ, 6, 29 (1111111,9,9 ΙΙΙ,
135, 2,108, 3, 87107 IV, 5, 9, 1,9 IV, 12, 31 (1111111,8,44 dura
9, 16,15, 16 domus (g) Ι,·7,58 1,2, 80 IV, 12, 37 (11111117,4,4
ΙΙ,2, 1. 72 17,6,20,9, 109 domo duros I,5, 12 (1111111,8,6 ΙΙΙ,8,9
Ι,2,136,8,33 (1111111111,2,104 Ι7,9,88 (1111111,4,11 ΙΙ,7,53
111,1,75 domum I,4, 43 IV, 4, 111,1,166
41 domo IV, 4, 7. 42, 9, 64. 106 (1111111, 3, 78 111,1,92. 110 IV, 12,
domus (11.) 17, 8, 33 11111111 17, 23 (11111111, 1, 22, 2, 90 ΙΙΙ, 3,
13,26 88, 4, 35 (Ι11111,3,76;10,21.22

(11111117, 7, 27 · ΙΠ, 3, 30,4,64.94 17,9, 76 duci

(1111111111,8,4 donatur ΙΙ, 7, 51 ΙΙ, 2, 26 duces (1111.) Π, 1, 43

dona (111.) ΙΙ, 1, 30 ΙΙΙ, 3, 48, 8, 2 IV, 8, 53 (1111111111, 3, 32; 4, 33
IV, 5, 45 Dyrapses IV, 10, 53

dotibus (abl.) 11 , 7, 48

1)11111111,2,70 1)11111111111,8,47 Ε

1111511111, 7,5 IV, 10. 71 dubitas
I, 1, 23 II,2,6 dubitat 11, 2, 35 11,·1,28,3,19.43, 9,38 Π, 5, 22,
(1151111111,8, 59 ΙΙΙ, 3, 95, 9, 19 8,65 111,1,163,2,4.13,3,12,.5,
dubites ΙΙΙ, 2, 52 dubitans IV, 13 IV, 9, 74· 12, 12 111, 3, 38.
15, 27 (115111115111, 4, 2 86⁰3 5, 55. 59, 6, 28 ΙΙ, 3, 33 ΙΙΙ,
(1151111111, 4,8 dubiaI, 3, 33 ΠΙ, 4,23;5, 18, 6, 8.30 1'v,34‚ 35· 6,

⁴ ,87 1151111111,3,72111118 1, 7,16, 8. 57. 72,10,77, 146
17, 7, 23 (1111111111, 5,62 dubio ebur 111 3. 98 IV, 5, 20
17, 3, 32, 10, 10 (1111111117 6,22 1511111111, 4, 105
(1111111117, 13, 1 (1115111111 4, 37 1511111117, Ι. 31 1511111111, 4, 35
1111111111, 8, 871111 111117, 4, 7

(11111111, 3, 55 17,8, 14 (11111113 11111111111111, 3, 53
36, 5, 40, 8, 68 (1111111111, 5, 43, 11111111, l, 37, 7, 5 ecquidI, 6,1
8, 54 (1111111, 3, 20 17, 7,9 du· ΙΙ, 9, 75· 10, 1 ΙΙΙ, 5, 38 ecquod
cere 111, 1, 67 duin, 2, 131 1141111113 ecquod lV 10,3
1111111117, 16, 18 (1111111117, 2,2,4 1111111117, 10, 3
10, 1 (Ιι1111111111111, 2, 71 (1111-1111111710, 7
11111315 (1111111111, 7, 15 (111·1111111111111117,4
11111111, 5, 7 1111111111, Ι, 69

(1111151111, 2,117,3,35,111,5,13 1111111111, 3, 51, 10, 9

(1111111111, 5, 17 1,7 10, 63 (111111 10111111(1111.),17 Ι5, 35
11, 1‚3’;4, 16, 7, 6917, 9, 22 1111111113, 53, 9,.36 1111111,3,
dulci (11111)ΙΙ, 7, 73 11111111(1111.) 45 111, 3, '63 IV, 12, 41 efficiente
1,3,51 11111111(1111.,)Ι,831 (1111- ΙΙ, 10, 32 1151111152, 24 1111-
1111111 (151117 9, 13 ’ 11111117, 12, 2 1111111111( (1111)Ι7,

(1111111,1,4,,1042ΙΙ,,,,326525 5,36
51, 10, 15. 27 ΙΙΙ, 1, 70. 141, 2, 1111111111 II 8, 60
751111. 76. 89, 3, 335. 471111. 87 1111111177, 39 effug1un11112,32
bis. 88 89.91,4,5990,6,15Ι7,11111,111(1(11111)178,84
3, 558· 9, 17. 30, 10, 69 11, 15 egeo eget IV 8, 56 1815111111,
1111.131111,14,111 10,41 eguisset 1, 2, 142

dummodo 1, 1, 14 ΙΙΙ, 7, 39 ego Ι, 1, ,45. 51, 2, 33. 34. 45. 123.

(111111,2,18,3,30111,2,67 17, 10, 131. 136, 3, 7,4, 49, 5, 32. 41. 61,
10, 12, 34 11111117,6,26,13,31 6, 11, 7, 16. 45, 8, 45. 51. 53, 9,
(11111117, 7, 12, 10, 55 duo IV, 17, 10, 15 ΙΙ, 1,12.47,2, 951,
16, 14 , 3, 25. 99,4,23,5, 1.37,7,15. 30

duritiae (d) IV, 10, 4 (11111115 17 bis. 41,8, 19. 69. 71,9,28. 67,11,
10,8 16ΙΙΙ,,..,,..,1367712394777

(15155111111, 6, 36 17, 8, 7, 10, 38 3, 35 65, 4, 31. 37. 57. 70. 80, 5,
(1111111117,”,985 3357694572997171

(11111111, 2,8 (111111, 10, 39 17, 15, 935, 3,11.13 1516, ΙΙ, 4,1.5
36 (1111111111, 5,18 (Ιιι111,1,80 43, 5, 29, 6, 11. 41, 8, 29, 9, 6..0

 

