Μ

-ωη5ωο555555
πωῶωωωωμωφ
3ωωπωωωω
mffinuwwffimffly

INDEX.

norit 1, 2, 71 17, 15, 42 nosse 1,
7, 54 ΙΙ,3,29 ΙΙΙ,4,102 17, 3,
9. 13 nossem IV, 9, 27 nosset IV,
8, 53 501061017,13,9

52·⁶⁴·⁶⁵·⁶⁷·8⁵⁰z4=1⁶·26·42·512 nostra(n.)1,2,128; 5,52; 1,10;10, ’

5, l. 11. 14. 28. 41. 43. 62, 6, 5. 19.
24. 25. 28. 40. 43. 50. 54; 7, 21. 23.
24. 34. 50. 54. 59. 68. 70, 8, 41. 48.
67, 9, 17. 34. 35. 38. 39. 47( 10, 4.
13. 15. 22. 29. 31. 34. 39. 43 ΙΙ, Ι,

65, 2, 5. 9. 17. 24. 29. 30. 40, 51.

55555ωη5ω1
55555551Μ5
5555555555
1555555555
55555555551
50555055555;
5551555555
5555555551
ΜΜΜ5ῌΑΜΜ1
mwffiffinamffim
5555555555
1505555555,

92; 5, 7. 12. 14. 34; 6, 11. 18. 28. ,

5555555555ς
5055555555
Μῃω55555ω5
5555555555
55555515555
555550555505
wmuwmmmwwt

38 11, 3, 82; 4, 32, 5, 36Π1, 1,
56. 104, 4, 56, 7, 5, 9, 52 17, 9, 8.
11, 11, 15, 13, 24, 15, 34. 40 501-
11551 (5.)1,4, 45 ΙΙ, 5, 65; 6,33
17, 4, 47, 12,4 nostri 1, 5, 55;
8,4 11,3,65, 8, 25 1Π,7,7 17,
2, 32, 14, 25; 15, 25 nostrae
l, 3, 13 ΙΙ, 8, 68 ΙΠ, 4, 77· nostro
ΙΙ, 5, 23 nostrae IV, 7, 5, 13,
49 nostrum (acc. 5.) Ι, 5, 3, 7,
57 ΙΙ, 9,9 ΙΙΙ, 9, 11 nostram
1, 4, 33 IV, 6, 16 nostro Ι, 3,
43; 4, 25, 8, 21 Π, 2, 117 ΙΙΙ,
1, 61. 89, 4,93; 6, 23 17, 8,65
500115 Ι, 5, 86, 8, 47. 48 ΙΙ, 8, 65,
9, 68, 10, 4 17, 9, 106 50011117,
8, 19 nostrae ΠΙ, 5, 36 nostra
1, 2, 108; 3, 87; 6, 18. 22 ΙΙΙ,
1, 45; 6, 6, 9, 28 17, 4, 44
nostorum 11, 7, 29 nostrarum II,
4, 29 nostris (d) I, 2, 35; 3, 4, 5,
71, 6,45; 8,26. 74 ΙΙ, 1,64, 2,
37, 8,17 ΙΙΙ, 1,43;9, 33 17, 1,
23, 6, 8, 8, 26, 12, 38, 14, 50
50011001, 1, 43, 8, 9 H, 4, 7 ΠΙ,
2, 42 IV, 2,3 50511501,9,6 ΙΙ,

30. 71. 79. 81. 82. 84, 11, 2. 7. 8.

13;12,3. 22, 13, 1. 5. 6. 3344, 14,

2. 29. 37. 46. 50, 15, 1. 20; 16, 2, 8.
5015515555511, 2, 135 ΠΙ, 9, 29

8,35 ΙΙΙ,3,92 Ι7,6,25;9, 129 “

5011151, 10, 16 ΙΙ, 2, 39, 3, 94,

7,61. 80, 8,8 ΠΙ, 1, 10, 101.

116; 2, 68, 3, 27, 4,114, 5, 25;

9, 2 17, 6, 44, 11,4; 14, 42 nostris

mhwffimmffffissffl ωψ15555555
3Π162ωο9Μ2-5551555555
43;4,11.19;7, 17 nostrum IV, ,3,20 .

{hlgl331t1r511m31593ngb130133, nota notam ΙΙ, 9, 70 501517, 12, 19
οΜΜῌΜώ555ᾕῇἫΗῶΜῊΜΠΜ

111,31151311117311ῑ ‘¹3131‘53 1111011511, ⁷,

81; 3, 63. 66, 4,33. 42. 87;5,32; , .

7, 39; 9, 55 IV, 2, ,ὃς θ’ 5, 45; 8, Notus, 17, 10, 43 1701111, 1, 2

9.‘11;9,104;10‚39.77; 11,1312‚ noto 501511, 1, 62 notare ΙΠ, 4, 18

Qufflnmfflauffim wmwssffi

27;9, 56 ΙΙ, 2, 100. 101;4, 191111. 501501,7,21 ΙΙΙ, 1,52. 53 notum

20 510;8, 55; 10, 34, 11, 4.5 ΙΙΙ, 17, 3,2 nota (5.) Ι, 2, 88, 8, 4

1, 56,3,69;6,33 17, 8, 27. 79,9, 11,10,22 ΙΙΙ, 1,93, 2, 55, 7,32

101, 10, 7. 70 nobis I, 1, 50 Π,5, 17, 12, 46, 14, 36 5010 (abl.) IV,

70;7, 42. 52 ΙΙΙ,2,1.4 17, 2, 26. 5, 24 5015 (5. pl. 5.) 1,2,76 ΙΙΙ,

46,9,96;16,52 4, 39510 nota (acc.) IV, 12, 12
50511,6,4 ΙΙ, 3, 49 50011 17, 8, 51 notior ΠΙ, 1,51, 2, 60, 3,21 17,

nouimus ΙΙΙ,2,43 17, 13, 12 nostis 8,24

ΙΙΙ,7,5 501551Ι,8, 55 505010 noualil,4,l3

ΙΙ, 8, 61 ΙΙΙ, 2, 37 noris IV, 9, 25 nouella (500.) 17, 12,24

 

