166611. ’ 169

6611, 2, 93,6,29.61;7, 64 ΙΙ, 1,47, (166Ι,6,29. 39 Ν,1,32,3,31, 4,
9, 26. 28. 30 ΙΠ, 3,81;6,6. 16,7, 20 deae (g) 11,3, 66 deae (d) I,
29. 31, 9, 13 Ν, 3, 29, 4, 40, 10, 2, 78 Ν, 10, 14 (16661111, 2, 48
38. 66 (166111, 2, 62 deae (11.) Ι, 8, 64

66161, 2,74; 3, 26,4, 62, 6, 7. 36 Ν, 2, 46, 12, 28 deas Ι, 6, 42

- 11, a, 66. 166, 6, 6, 4, 4, 64, e, (166661, 1, 16 11, 6, 6, 166 111,1,

26,10,8 ΙΙΙ, 1, 36, 48, 9,62 Ν, 41. 76,4, 43 1166611,9,66 ΙΙ, 8,

3, 18, 14, 7 , 16, 39 curae Ι, 2, 41, 3 ΙΙΙ, 1, 48, 3, 73, 6,3 debetis

3, 13 Il, 4, 16 ΙΙΙ, 4, 77 Ν, 2, 60 ΙΙΙ, 2, 101 debent II, 2, 83 de-

66166 ΙΙ, 7, 21 6616111111,1,142, 6661 Ι, 9, 26 Ν, 4, 26 1166616

611661 6611166116, 111631, 16,, (1666111, 1, 66

23 Ν, 6, 36;6, 37 curamini, 1, 1V‚10‚76 1166116111ΙΙ,6,12 de·

- ·73 ΙΙ,1,6 ΙΙΙ, 3,7,9, 26 66116 66161111,1,80 debentur 111, 2,
Ι, 2, 66;8, 63,10,3 Ν, 4,21 cu· 31 debiti Ι, 4, 66
166 Ι, 6, 11 ΙΙΙ, 9, 29 Ν, 10, 67 1166116111, 1, 68
66116 ΙΙΙ, 1, 1430 Ν, 4, 35 (1661111611, 4, 19 (166111161611, 6, 32
euro curat 1, 2, 81 661661 ΙΠ, 9, 32 debitor Ν, 1, 2, 8, 6
66166116 ΙΙΙ, 7, 26 December Ν,4,24 Decembri IV,
currit 11, 10, 28 61111616 ΙΙ,6, 12 9,69
Ν,3,6 66116161Ν,9, 10 cu· decoll, 6, 20 ΙΙ, 3, 62,9, 13,10, 12
6611111, 3, 76 66166166 ΙΙ, 10, 21 ΙΙΙ, 1, 40 decebitIV,13,17 de-
661666 Ν,16,28 661666 ΙΙΙ,9, 26 666611, 6, 62
66166111, 1, 27 Ν, 6, 43, 11, 18 (1661111617, 6, 7 .
661616661,2,84 661666 ΙΙ,7,17 decernere IV, 9, 49 decreta ΙΙ,2,
Ν, 10, 66 cursibus 1, 4, 16 87 Ν, 9, 101 decretis IV, 9, 441
661166 Ν, 6, 48 currum ΙΙ, 2, 77 decerpere 111, 5,19
ΠΙ, 1, 67, 4, 96 curru III, 4, 35 decipit III, 9, 11 deceperit ΙΙ, 2, 69
66161119,9,27 , 1166161611, 2, 47 (16666166 Ι, 6,
curuo euruet Ν, 10,26 33 decepto ΙΙΙ, 3, 23 deceptae
61111166 66166 (6.61.) ΙΙ, 4, 20 66166 Ν, 6, 16 1166661617, 6, 12
(666.) Ι, 8, 64 66161611, 7,44 (1666161111, 2, 64
666166811661631, 1, 61 61611 11511663
Cyanen ΙΙ, 10, 26 dedignaris 111, 5, 31 dedignatusI,
0]61666Ν,10, 23 · 7, 33 dedignata (est) ΙΙ, 2, 76
cygnos ΙΙΙ, 3, 96 deducere -I, 6, 13 deductus (66666)
CynapeeIV,10,49† Ν,9,29 11611661616Ν,1,1
Cynicus Ι, 3, 76 (16166116 ΙΙΙ, 1, 147 defendere ΙΙ, 2,

61 ΙΠ, 3, 71 defendere I, 4, 40
D· defensa Ν, 7, 23
deficit I, 5, 8 (1666166111, 7, 76

Dalmatiae ΙΙ, 2, 74 deficiam ΙΙΙ, 1, 67 (1611616661, 3,
damno (161666166111, 4, 97 9 deficiente l, 6, 72, 6, 36 IV, 4,
1161666661, 10, 33 1161666661,6, 34 28 (16166166 ΙΙΙ, 4,37
0661666166111116(11)ΙΙΙ,1,166 damna deformes ΙΙΙ, 8, 16
(6.) Ν, 11, 10 damna (666.) Ι, degener III, 6,7 degeneres ΙΙΙ,
10,29 1,45
Danais (661.) Ν, 7, 41 degustanti IV, 10, 18
Danuuius IV, 10, 68 Danuuium Ν, delabor IV, 16, 33
9, 80 (16166166 ΙΙΙ, 6, 32
de I, 1, 2. 29. 68, 2, 136. 146, 3, 13. delieiasI, 10, 16. 19 deliciis ((1) 1,
34,6,86,8,7.13,9,1 ΙΙ,1,41, 10, 18
2, 108, 6, 73, 9, 7 ΙΙΙ, 1, 76, 2, 22. delinquere ΙΙΙ, 9, 13 delicti Ι, 7, 41 =
39. 93, 4, 41. 63. 88, 6, 20. 24. 43, Ν, 1, 6 delicta (666.) ΙΙΙ, 9, 7
6,26, 7, 3. 9. 31, 8, 16, 9, 6. 37 Ι)6116 Ν, 14, 67 ,

Ν, 2, 46, 3,18, 6, 22. 24, 6,17. demens Ν, 3, 29, 14, 20 dementia

ι 46,8,28.31.39,9,96.132,10,64, ΙΙ,2, 11
13, 7. 23. 37, 14, 26. 27 (1661111, 7, 20 demas 1, 3, 13 ΙΙ, 2

 

