156 1110011.

01010111, 4, 68 01101101, 5, 58 cognoscis 11, 10, l 0000000011110,
01111101,10,21 111111,10,8 cibis 105 cognoscere ΙΙΙ,5,15 cogni·
(d) ΙΙ,7, 10 111011,7,23 0000110(0011ΙΙ,10,
0100111111,3,15 4 Ν, 9, 117, (1010001)Ν,7,14
cimbro Ν, 3, 45 cognite IV, 6, 22, 10, 51, 12, 20
Cimmerio Ν, 10, 1 cogit I, 4, 20 ΙΙ, 3, 74, 7, 6 cogat 1,
01110111,5,8011’,0,17 01000111, 1,37 0000111295 cogitur I,
8, 60 01110011101111,4,105 cinctus 2,122 cogerer ΙΙΙ, 6, 10 cogetur
1, 8, 18 ΙΙΙ, 9,4 cinctum ΙΙΙ, 1,11 ΙΙΙ, 6, 58 000010 Ι, 5, 10 ΙΙ, 2, 118

“, 01010111, 2, 28 01001001,2,11011, Ν,2,28

2, 58 Ν, 16, 3. 48 00101151, 3, 76
Cinyphiae ΙΙ, 7, 25 collibus I, I, 43
circumeuntis I, 2, 18 00110 ΠΙ, 3, 13 001101, 5, 24, 6, 39
01101 Ι,4, 15 ΙΙ, 9, 58 111, 7, 16 Ν, 4, 31, 9, 50
0111101001 Ν, 8, 75 001110 Π, 1, 43
0110011,4,11 citos Ν, 7, 62 011100 00101 Ι, 10, 26 Ν, 10, 62,13,3 00·
I, 1, 76 ΙΙ, 4, 25,7, 25,8, 65 1010 ΙΙΙ, 3, 96 Ν, 13, 13
01110 Ι, 7, 55 columbae (g)111‚ 3, 10 columbae
ciuica Ι, 2, 124 (n. pl.) Ι, 6, 51
cladis11,3,65 colo 11, 8, 60 ΙΙΙ, 4, 70 001101,
010111 ΙΙΙ,2,04 Ν,2,42 9, 36 ΙΙ, 2, 121 Ν, 8, 22, 15,
clamabat Ι, 1, 54 0101001111οΙ,2,50 24 00111ΙΙ,2, 87 ΙΙΙ,2,48 Ν,
0111111010,ΙΙΙ, 4, 31 5, 26 colas ΙΙΙ, 1, 76 0010 Ν, 2,
0101·110111,2,5οΝ,3,45 01010111, 49 00100100 Ν,2,11 colui I, 2,
2, 36 01015 Ν, 16, 45 0101001 129,8,45 0010111, 9, 35 coluisse
(n. 0,)1, 9, 30 01010 (000.) ΙΙ,1, Ι,5,42 0011101 ΙΙ,8,62 001011-
31,2, 10 010110 (0111.) ΙΙ, 3,1 101ΙΙ,1,9 00111,1, 50 cultus
0101100111,1,128 0101100101οε ΙΙ, 11, 2, 05,3,70 Ν, 14,13 culto
9,19 I, 7, 55,2, 78 ΙΙ,2, 40,3,74 ΙΙΙ,
0100017, 10, 79 1, 78 00110 ΙΙ, 3,3 001100 Ι, 2,148
Claudia Ι, 2, 142 00100111, 9, 29
claudo clauderet Ν, 16, 36 clausit columnis ΙΙΙ, 2, 49
1,2,124 010000111Ι,1,6 0100- coma 0001101,4, 50 0011100111,1,
denda Ι, 7, 37 clausa 1, 7, 36, 8, 124, 2, 74, 3, 16 Ν, 1, 30, 12, 30
62 ΙΙ,7,38 Ν,8,85 (est) 0100· 00101011,2, 88
000 (d) 1,3,39 010000 Ν,10, 45 001110οΙ,9, 16 ΙΙ,3,31;5,43111,
0100011,6,37 0100000 ΙΙΙ,6,42 1, 109 Ν, 12,23 0011111001 Ι,7,
01000001, 2, 18 010000 ΠΙ, 8, 19 33 ΙΙ, 3, 56 Ν, 10, 74 comitum
lv, 12, 32 11, 7, 61 comites I, 2, 138,4, 33
clauda ΠΙ, 1, 86 0011110001,5, 74 Ν, 7, 44
0101001111οΙ, 2, 59 ΙΙ, 2, 117 ΙΙΙ, 6, 0001110011 ΙΙ, 2, 79, 3, 43 ΙΙΙ, 2, 33
7Ν, 1, 25 0001110010 Ν, 4,41 0010110101,
clientis IV, 3, 42 0, 47
010111οΙ, 8, 44 commendere IV,3,3 commendata
ccco 0011 ΙΙΙ, 3, 26 00001 Ν, 9, 85 (01111)ΙΙΙ,4,71
001101, 6, 24, 3, 87, 88 coisse 11, commilitii ΙΙ, 5, 72
1,21 committere ΙΙ,2,35,3,77;9, 71 “
000011, 3,8 Ν, 3, 24,13,21 000011 0001010110(000,) Ι,8,20 Π, 3, 96
ΙΙ, 3, 67 ΙΙΙ, 7,20 0000010111ΙΙΙ, .00111010111011011,8,72 commo-
3,111 00000101 Ν, 6, 15 coepta diore 111, 3, 64, 9, 38
(fuit) ΙΙ, 3, 70 Ν, 12, 29 0000100 0011101001οΙ1,10,17111,4,67 com-
11, 7, 17 00001011, 7, 81 ΙΙΙ, 1, munia (000.) Ν, 8, 81, 13, 43
139 0000110 (11) ΙΙΙ, 1,59 como 00111010οΠ1,3,16
coeptum 000011 ΙΙ, 5, 30 0011100111 Ι, 2, 93 ΙΙΙ, 2, 82
coerces IV, 8, 73 00010011, 2, 25 compede Ι, 6, 31
00010001 ΙΙΙ, 3, 61 complectitur1,6,9 0000100101(00111.)
00010111,2,41 Ν, 15,5 complectar (f.) 11, 8, 69
cognomine ΙΙ, 5, 49 Ν, 16, 17 complexus (sum) ΙΙ, 3, 81

 

