906 11001.

tepebit III,4.56 1, 119,6, 15 1110011, 9 ,89, 10 90
tepefecerit IV,6,35 11100011, 6, 99 11111011οΙ1 9, 33
tepidus 17, 19, 35 tepidum (0110) timeae 111, 3, 85 IV, 3, 57 time-
IV,10,43 reelII„6 '41 timuisse 11, 10, 39
101117, 9, 34, 10, 98 bie timeare 11, 9, 94 11111011 ΙΙΙ, 3, 105
terebinthus 111, 3, 98 timendus l, 3, 57, 4, 98 timendos
teredine 1, 1, 69 117, 14, 97
tergo (01111111, 3, 19 17, 4,19 terga 1101110011,9,17 1110111οΙ1,7,37 ΙΙΙ,
(000.) 1, 9, 80 111, 9, 8. 79 7, 19 timidae (g) 11, 8, 75 timidi
1010 10111111, 1, 8 11110 11, 7, 44 (n.) 111, 9, 19 timidis 11, 9, 38, 8,
101101, 9, 78. 99, 3, 50. 68, 4, 30, 6, 51 111,9, 13
9 873 11, 9 ,99, 7, 64. 68, 9,,ἶ54 11010111, 9, 39, 7, 5 1101011017,5,
66 111, l, 9, 9, 38, 4, 75, 8,16 lV, 14 1101011117, 7 111001οΙ, 9, 69
944549105114198159 ΙΙ,,,’,’3881111153,6,43
15 1011001, 1, 1, 5, 75 terrae 11110001,1,79
17,19, 33 101101, 3113 11, 7, 30, 1111001011, 9, 56 tingitanII, 8, 8
9,10 111 1, 90. 149, 9, 47, 7, 30· 1111010(1.1ΙΙΙ, l, 96· 9, 54 1100111111
9,3117,9,91,14, 7. 33 1011010111 (000. n.)1V, 6, 34 tincta (11 pl.)

1, 9, 36 11, 8, 96 IV, 3, 43 101100 111, 10, 31 110010 (0001111 3, 106 ,

I, 6, 99. 3311, 9, 69 111, 3, 61 tinnulas, 1, 38
IV,6, 16, 10, 55, 11, 16 101110 TiphysI: 4, 37
(0111..)111 1,197 1110100177,17 1110101,1,17 II
1011011, 3, 58 111, 1,101 10110011, 1, 50 111, 6, 50 111010111117,13,7
9, 43 111,9, 9 10110011, 9, 119 1110110174, 96 1111110οΙ7,10,’79
1011011179, 78 terrear IV 9,89 10111000
10110511 1116, 50 territus 111 3, Tityron IV 16, 33
11 101111οΙ1, 9, 36 IV, l, 95 Το1011017,15,9
1011011017, 10, 94 1000101119, 15 togei 11, 1, 61
tertie lv, 10, l 101010101, 9, 85
testificanda (0011 IV, 9, 98 tollere I, 3, ’93 tolle 111, 5,58 011010-
10011017, 7, 4, 8, 30, 9, 114 testis 1111, 8, 16 tollitur 111, 9, 16
(g) 111, 9, 50 100101,1,56 111, 9, Tomis (n.) IV, 14,59
94 testibus 111, l, 60 ’101011001,9,75 IV, 9, 97, 14, 15.
10010010111, 9,51 testere IV, 15, 93. 47
11 testantia Ι, 9,43 III, 8,1 IV, Tomitanus ΙΙΙ, 8,9 Tomitanae I,
9,7 1001010 (0011111, 1, 93 IV, 7, 1,1 7010110051,6,49 ΙΙῙ,1,6,
53(00011 4,9 Tomitanae 111,8, 10
Teucrum 1, 3, 80 7011001011, 9, 40
1010010011, 3, 30 texte (000.) 111, tonat 11, 9, 114
4, 110 1010011οΙ, 10, 13
11100110 (0111.1Ι,5,69 theatra (11.1 Ι, 10111011, 9, 98
8, 35 ΙΙ, 4, 90, 6, 98 ‘torquet 1, 5, 91 Ι1Ι, 6, 97 torquere
Τ1101100117,8,53 ΙΙ, 9, 57 torqne0r1,1,60 ΙΙΙ, 7,
Thermodon IV 10, 51 33 101100 IV 10, 48
ΤΙ]010111011011Ι,9,119 torquem 111 3,15
Τ11010110111119, 10 Ι17,13, 15 1011000110οΙ1, 3, 91
Theseus II 3, 43 ΙΙΙ, 9, 33 IV, 10, 101111, 8, 99 ΙΙΙ, 1, 164 1ο10(0111.1
78 Τ110000 IV 10, 71 .,,Ι9 139 ΙΙΙ, 1, 1'18; 3, 8 torosi.
Τ11000011001,4, 98 11), 34 111, 3, 50
’17000001100101,3,74 101101111, 9, 44
Thoans ΙΙΙ, 9, 59 ’ 10100 (n. 1.) ΙΙ, 8, 99 ,
Τ111000017, 5, 5 101 Ι, 9, 99;5, 75,8,7 ΙΙ, 1, 43 III,

rmmmm,m ‘ 0000000000
Thyesteae IV 6, 47 16,19,91,15,7

thymis (01111117, 96 10110001, 5, 33111, 1, 89, 5, 13, 7, 8:
tibicen 1, 1,39 9, 39 117, 3, 46, 9, 111

Τ11101Ι, 3, 89 10100 IV 3, 43 10101, 7, 36 11, 9,
timeon 9, 194 17, 6, 13 1111100111 99, 6,16 17,9, 113 10101011, 9,

 

