174

inuiocta (1.8.) 111, 4, 111 1111815 Ν,
Ν1ᾒ88111811-

INDEX.

1,72,5,31 Ν,1,19 88Ι,9,46
11, 1, 51, 3, 57, 5, 14·ΙΙΙ, 1, 88, 4,
19 Ν, 10, 35

118181,9,21 Ν, 12, 34 inuisa Isiacos Ι,1,52
Ν, 14, 5 111188 (abl.) ΙΙ, 8, 64, Isidis Ι, 1, 52
9, 80 1111181116, 30 111181 Ι, 10,8 18181,2,52 ΙΙ,6,36, 9,17 ΠΙ, 6,

inuidiosa 11, 7, 73 ΙΙΙ, 6, 16 1111-
diosa (1. pl.) ΙΙΙ, 3, 28 inuidiosa
(88811Π, 1, 87

1111118 Ν, 16, 1

inuigilate I, 5, 58

inuito ((1) Ν, 14, 56 inuitum (188.)
ΙΙΙ, 4, 10 1111151, 2, 126, 5,10
ΙΙ, 1, 16 ΙΙΙ,2,66 Ν,1,14 11-
1118 Ν, 1, 22η 1111188 Ι, 1, 20 in-
11118Ι,9,4

11111118 ΙΙ, 1, 15 1111118 ΙΙ, 8, 59

&maffimmfflffiffim
1111111111

32,8,68 1811118Ν,6,38 istam .

Ι, 2, 87 ΙΙ, 9, 13 18181, 1, 80 1815
ΙΙ, 7, 63 ΙΠ,1,5 Ν,14,7 1818
(1.1, pl.) ΙΙΙ, 8, 4 18118 (d) ΙΙ, 11,
27 ΙΠ, 1, 63,2, 110 181881,6,5
1818 (888.) Ι, 6, 50 ΙΙ, 5, 13 Ν, 9,
120, 10, 66. 69 18118 (851.) Ι, 2,
11111811111
&mmo

iocis (d) 11, 4, 10 Ν, 3, 14 18888 ΙΙ, 18188 ΙΙ, 2,- 93

10, 42
18111117, 5, 6
Iphias ΙΙΙ, 1, 111
Iphigenian 111, 2, 62

18118 Ι, 9, 46 ΙΙ, 10, 52
181118 Ν, 10, 35

Isthmos Ν, 10, 80

18118 Ι, 5, 71, 83 Ν,9, 131

ipse Ι, 1, 9. 27. 60. 63. 76. 90. 95. 97, 118 Ι, 1, 37, 3, 860. 93, 6, 54 II, 1,

8111818111

1118111111111

51, 8, 45. 51. 52. 53. 57, 9, 16. 36, ΙΙΙ, 2, 46, 9, 27 Ν, 4, 340, 9, 39,
11111818111 1111
69. 77. 97. 115, 3, 1351, 5,12, 39, 1181 Ι, 1, 35 1181 (acc.) Ι, 1, 6, 4320,
y 7,5. 48, 9,12; 10,45 ΙΙΙ, 1, 47. 5, 71,10,6 ΙΙ,10, 18 ΙΙΙ,2,6’2.
71, 3, 46, 4, 72, 5, 3245, 6,45. 80 Ν, 4, 20, 5, 8, 6,46, 9, 24, 10,,
50. 57,9, 7. 47 Ν,1,13.15;2,8, 33. 54,16,32
‚ 3, 30, 7, 7. 8. 9, 12, 49, 13, 7, iterum III, 3, 7136, 36 Ν, 14, 21
15,12 1185 Ι, 1, 34, 2, 35, 36. Ithaci (g) 1‚3,33 Ithacae (11) ΙΙ,
1111ω111111 11
102 Ν, 7, 18, 14, 5, 15, 34 ipsum iubeo ΙΙΙ, 1,141 11581 ΙΙΙ, 2, 85 Ν,
Ν,6,14 ipsius I,1,36 ipsum 15, 36 11581111, l,10 11881117,
. (11888.)Ι, 1, 50, 7,59 Ν,2, 21 16,13 1158181117, 9,18 118818
ipsum (n.) 111, 1, 33, 3‚103; 5, 31 ΙΙ, 10, 50 ΙΠ, 1, 4 iussa (188.)
ipso 11, 3, 61, 8, 27 ΙΙΙ, 5, 15, 18, ΙΙ, 8, 34 ΙΙΙ, 3, 54
6, 31 11851, 1,13 Ν, 11,14 ipsi iucundasn, 10, 32 iucunde Ι, 8, 25
(n.) Ι, 3, 45 ΙΙ, 11, 25 ipsa (1.) Ι, iucundis H, 4, 10 Ν, 3, 14
1,43ΙΙΙ,1,132,4,26 ipsis(d)1, 1111811111,5,24,6,10 11111881, 2,
8,13 ipsos 11, 2, 120;8, 57 ipsis 102,5,16 ΙΙ, 3, 35 ΙΙΙ, 6, 32 Ι
111, 4, 29, 5, 38 iudicium Ι, 7, 35 iudicio (11) ΙΙ, 4, 14
1181, 2, 87. 96, 4, 29. 44, 7, 48, 9, 1111181111(888,)Ι, 5, 20 11,·7, 82 .
23. 28, 10, 20 II, 2, 118, 3, 61, 8, ΙΙΙ, 9, 11. 18 iudicio (851.) Ι, 2,
76 ΙΙΙ,3,63. 76. 83,7,39 Ν,1, 140 ΙΙ, 4,2 Ν, 8, 68 iudiciis
8, 6, 20, 9, 52, 14, 16 111111, l, (851.) ΙΙΙ, 5, 52 Ν, ’3, 16; 9, 69
49,8,69, 10, 43 ΙΙ, 1,47,2,19, 1110181151) ΙΙΙ,2,55
5, 11, 7, 55, 9, 77 ΙΙΙ, 6, 49, 9, 27 iugera (888.) Ν, 9, 86
Ν, 3, 21, 14, 41 115111, 6, 7 iugum (888.) ΙΙΙ, 1, 68 iugo (d) 111,
iratum (n. n.) ΙΙΙ, 1, 98 iratum (888. 7, 16, iugo (851.) Ν, 7, 24 iuga
1.)ΙΙ,2, 107 11811 (pl.) ΙΙ, 8, 21 (888.)Ι,8,54 ⁴ ι
181, 7,33, 10, 17. 21 ΙΙΙ, 2, 79 Ν, iugulum II, 9, 31
9, 119 eal, 10, 17 ΙΠ, 2, 65 Ν, Iugurthino IV, 3, 45
1,17,8,27,14,11 1111,1,21;6, 1118811,5,49 111888Ι,1,46
25, 7, 19 ΙΙ, 2, 55, 9, 77 ΙΙΙ, 3, 40. 11111811, 2, 82 1111112, 21, 11, 15
73 8118 IV, 15,ss 88111111,6,25 ’111118 (888. pl.) IV.5‚21
id (ace.) Ι, 7, 65 ΙΙ,6, 15 ΙΙΙ, 11111ΙΙΙ,9,53 111131111ΠΙ,5,2

 

