176 ³ 11111511.

lapis Ι, 2, 34 lapidem lV, 8, 49, 2,30 legere ΙΙΙ,6,54 legerere
10,5 IV, 1, 10 legeretur IV, 16, 46

lappa ΙΙ, 1, 14 155111 (1.) I, 9, 4 15515 (511111)ΠΙ, ·

Ι55115ο1,6,39 5,10 IV, 11, 10 15515 (11. pl.)III.
1515Ι,1,10,7,58 5,13 1551οΙ,2,7,7,3 ΙῙ,2,5
Largus IV ‚ 18, 17 155155 ΙΙ, 5, 20 155115 (abl.) III, 4,
15551115 ΙΙΙ,3,47 63 IV‚8‚ 13 1555515111,5,29
lassat Η1,7,28 15555115(11.11.)1,8,48 legenda
1555514, 14 1V,8,8 15555 (11) II, (555.) 11,5,2
3, 39, 6, 13 15551511, 2, 45, 3, 93 lenire IV, 8, 3, 15, 23 1511115 (abl.)
latenter 111, 6, 60 Ι, 4, 57
151511, 7, 4, 8, 8 IV, 5,4, 9,126, lenis 15115111 IV, 6, 27 15115 IV, 10,
13,6 Ι5155111,9,76 15155111Π, 54 1511151, 2, 70 1511151 11,3. 62
5, 40 1515151,1,9 ΙΙ,3,92111, 1V;14, 50 lenius (555.) 1Π,7, 31
7, 32ς-13, 15 1515115111, 51115 la· 1511111 (11.1.) 111,1, 44 ,lento (abl.)
tuit IV, 3, 47 1Π,9,25 IV, 15,8
1511515 ΙΠ, 1, 17 latices I, 10, 11 15511551, 3, 41
leticum IV, 10,59 1151115511, 4, 23 1151115111, 1, 17
Latio (11) IV, 16, 9 Leucothea ΙΙΙ, 6, 12
Latiae (g.) ΙΙ, 3, 75 Latiis (abl.) 151115 I, 2, 19. 62 11, 5, 36, 7, 22 IV,
IV, 13,45 1, 21⁰;3‚20‚ 31 151151,7,5011,
Latonae (11) IV, 14, 57 8, 54 15111 (abl.) III, 1, 96 151155
151151 IV, 10, 25 IV‚5,1 1511115511.) 111, 2,63
151115 (n.) Ι, 7, 14 1515115 IV, 9, 20 1511151 I, 4, 25, 10, 20 ΙΙ, 7, 57 IV,
151511 IV, 9, 110 151115 (555.) I, 3, 10,63 15111115 Ι, 3,46, 9, 30 1551515
58 IV, 9, 17, 10, 30 IV, 9, 108
laudabilis 11, 11, 13 ΙΙΙ, 1, 77 15111155 IV, 3, 34 ⁴
Ι5515155151111,9,911551112 1511- 1511015115115117,6,44 15115511,1,
1155 Ι, 3, 53 11,5,31 117,10,71 lau· 57 1511551116, 14 1511511, 8, 35
1151111, 5, 82 15515151,2,133 IV, 9, 15115155 I, 10, 37 leuare 11, 7, 61,
91 Ι5111151111111151,2, 141 1511115- 10, 20 15551111 ΙΙΙ, 6, 37 1511511-
115111111,2,35 Ι51111515511,4, 15 11551,6, 27
1511115111111Π1,2,98 1511115115ΙΙΙ, 1511111, 3, 56 111,12,5 15515 IV, 6,
1,61 1511115151,5, 79 15511515 33,14,54 155511, 9,71 ΙΠ, 3,
ΙΙῙ,2,35 1511115115Π,1,30 1511- 57 1555111111,15,12 1551115511,
(1511115511,5,37 laudanda (est) 2211994
111,4,Ῐ79 11551151117,13,19 1111511551,1,3,
1111115511, l, 67, 2, 88, 7, 67 2, 138, 8,3 ΙΙΙ, 8, 21 IV, 2, 3,
15111115 ΙΠ,4, 90 12, 25 1111511151, 5, 71 ΙΠ, 1, 43,
15115111, 6, 9, 13, 50 1551115111, 7, 3, 55, 9,1 IV, 12,1,13,9
40 15111111, 7, 20 1511115111 Ι, 4, 24 libenter Iv,9,121
ΙΙ.6, 31 IV, 1, 33, 8, 61 laude Liber IV, 8, 61
III, l, 116 15111155 I, 1, 29 11, 3, liber Ι, 1, 28135. 72 ΙῙ,’4, 17, 5, 33
47 III, 1, 62, 2, 34 IV, 8, 87, 13, ΙΠ, 4, 16, 9, 51 libri 111, 6, 54
23 laudum IV, 8, 45 11515111111Π,9,7 libris (abl.)IV‚
155151111, 4,43. 55, 9, 43 1551515 1,9
ΙΙΙ,4,9θ 1111515111, 3,22 11115111(555.51.)Ι,
15551115 ΙΙ, 2, 41 6, 32
1551111155 ΙΙΙ, 3,50 11115111, 8, 39 libamus I, 9, 41
lego 15515Ι,7,2 11, 5, 20 111, 2,1; 115511,2,84,5,11. 81
4, 91,5,117, 2,1,6,1 15511111, 11111511,15,42
1, 62 legitis 1, 5, 9 155551, 2, 8,Ι Libycas IV, 16, 23
5,2 IV, 2,34 1555111115 IV, 2, 49 1155111155 1v, 10, 29 ’ ’
15551111, 9, 44 15551155 Ι,2, 135 115511, 2, 35, 3, 21, 4,17, 5, 27, 6,
f 1555155 ΙΙ, 59 1551 ΠΙ, 5, 22 15· 3, 7, 23. 65 ΙΙ, 2, 8. 23. 120,4, 34,
· 5111, 3, 68 15511555111,5,7 15555 8,55,10, 7. 43 ΠΙ,1,77, 3, 75,
1,8, 10 1555511111, 1, 23 1551 Ι, 4, 68, 5, 29. 48 IV, 1, 15, 7,17,
5, 77 11, 54111, 4, 54 15551111, 9,1.55.113“,10,28,15,11 liceat

 

