lscax. 391

simplicitatis 111 3, 100 lll, 5, 33 0011111 (00014, 13 00-
011001 ΙΙ 3, 34, 7, 83· 10, 41 ΙΙΙ, 3, litum (0000)Ι, 3, 133 ΙΙ, 3,100
31 IV, 6, 16, 8, 53 solitam IV, 5, 33 solitum (1100.)
1101110010 ΙΙ, 8, 57 ΙΙΙ,3, 33 111,4, 103 001110 (abl.‚)ll 9, 33
simulasse IV, 3, 19 ΙΙΙ, 1,165, 6, 43 17, 9, 93, 10, 69
0100010(11111.)17,9,10 0011110 1, 3, 43, 8, 53 soliti 1,
sineI,3,143; 10, 33 II,3, 114, 7, 10,6
49,8,63, 11, 19 ΙΙΙ,3,88; 3, 40, 0011010 I, 6, 53 sollerte IV, 14, 35
5, 58, 6, 33, 45, 9, 53 lV, 3, 1; 8, sollicitasse ΙΙΙ, 3, 50
53,9,5 “ solliciti (g) IV, 10, 11 001110110(111)1.)
singulan.),1 5, 30 17,,6 34 ΙΙΙ, 3, 13 IV, 9, 130 0011101101,
sinistro 11)Ι, 4, 31⁰ 0101011010 (000) 5, 61 sollicitae (0.,11.) ΙΙΙ, 1,
ΙΙΙ,3, 11 01010110 ΙΙΙ 8, 17 ai· 148 0011101110 (d) ΙΙ 7, 14 001-
nistra(acc.,)ll 3, 3 1101110(01)1)113, 18 sollicite IV
01000101οΙΙ,3,3 011111Ι,3,36, 6, 6, 44
10 11,9,16.48 ΙΙΙ, 8,6 Ι7, 8, 35 00101111, 3, 67 IV, 11,11
01000117, 10, 30 sinas 17, 1, 19 solstitialis II, 4, 36
010111ΙΙ,3,63,5,13 0100117, 5, 05111011,3, 58,3,35 ΙΙ,3, 64 0011
¹ 33 01001000 IV 10, 37 ΙΙ, 9, 4, 11, 38 0011101 IV 14, 30
8100001101, 3, 67 001οΙ, 6, 43
sinum IV 9, 73 010110 (100)Ι 9, 53 0011101 an, 4, 17 solutum ll 5, 53
ΙΙ, 3, 34 17, 10, 16 0011101,8, 7IlI, 3, 46 lv,2 3,9, 4,

> 010101ΙΙΙ,1, 18 11, 14, 53 solaI, 6, 3011, 8, 39.

010110 Ι, l, 45 01011111,1,38 48 111,1‚ 68 118, 3, 6 Ι7, 3, 34,

- Sithonio IV,7,35 9,4l soluml, 9,’'46 solum (000

0111000 Ι, 8, 60 ΠΙ,4,55 n'.,)111 9, 6 001010 (1100)ΙΙ3, 15
0111101,3,85 ΙΙΙ,1, 18 0010 ΙΙ 10, 47 0010 ΙΙ 9, 76 17,
situl, 0, 8 9,37ἰ s7olaeI‚ 10, 30 00111(11.)ΙΙ,

’ 011101,3, 53. 54 ΙΙ 10, 34 siue- 3,,,978171114761737

siuel, 3, 31 lV, 3 ,3133 0011- 00010101, 3, 43
0111011, 10, 33, 34 ’1v‚1‚ 3. 5, 8, 0011100οΙ) 1, 43, 10, 31 ΙΙΙ, 3, 7. 13
1719 0100- 001117,3,19.30 scmniI,3,47 scmn0(d)1,5,47
Smyrnal, 3, 65. 66 ’ 0010000 ΙΙ, 9, 61 ΙΙΙ, 1, 36, 6, 55
00000 17, 16, 30 0001111111, 6, 38 ’
000010 (abl.) IV, 8, 90 00011500 (11) IV, 6, 33
0001101οΙ11, 1, 73 0001110 Ι7, 4, 13 0000 (051.) ΙΙΙ, 3,
000111101Ι,8,39 10 0000011Ι,3,43,3,66 00010

, sodalis (g)ll65Ill611 sodali (1151),ΙΙΙ 3, 33

III, 6,1 IV, 13, 37 sodalem ΙΙ, soporlll, 3, 4
4, 93 00111110(01)0.)Ι, 8, 35 so· 0010100117, 10, 55
11010017, 13, l 001011, 3, 4117, 14, 47 001110( (acc.)
001 ΙΙ 1, 41 001101, 4, 39 30 ΙΠ, 1, ΙΙΙ, 1,131
137 IV, 6, 48 solemll, 1, 37 ΙΙΙ, sospesI, 7, 15 ΙΙ, 8, 13. 45 IlI, 3, 3
4, 49 solibusl, 3, 54 spargit ΙΠ 3, 73 sparge IV 15, 48
solacia Ι,3 3, 6, 15 ΙΙ, 7, 79 10, 11 spargereI‚8,58
IV, 3, 45, 11, 17 spatiarer IV, 4, 11 .
0010100111 (acc.) 17, 8, 39 speeies III, 3. 4, 9, 30
0010011, 6, 17 111,‘5,40 00101 Ι, 3, spectabilis II,3‚77
56. 116, 3, 10, 6, 44, 10, 34 ΙΙ, 1, specto ΙΙΙ, 1, 69 spectat I, 8, 44
143 5', 43 ΙΙΙ, 3, 10, 3, 6. 19, 4, 74 spectem ΙΙ, 8, 19 spectare ΙΙ, 3,
IV, 3, 43;4‚38;5, 33,10, 34, 16,3 89, 8, 9 spectarem IV, 9, 36
soletis ll, 9, 33 solentll, 7, 59 0000110111οΙ, 8, 37 spectabit ll,
ΙΙΙ,8,4 solere Il,5, 54 IV, 7,4 1, 59 spectabere llI,l,59 spe·
solebaml,8,45 Ι7,3, 13 scle- 01111111, 1, 19, 7, 80 IV, 7. 13
basl, 7, 65 ΙΙ, 3, 49 ΙΙΙ, 5. 43 (fuisset) spectatum (ace 10.)ΙΙΙ,
IV, 9, 91 0010111111, ‘² ,139, 9, 33 4,17
ΙΙ,6, 1, 7, 31 ΙΙΙ, 3, 13 IV, 3,36 sperol„3 63 sperasl, 3, 44 spe-
solitus( (001) ΙΙ, 3, 4 0011100 (lui) rareI, 6, 37 sperabis IV 8, 31

 

