919

18 undas 11, 9, 433 10, 99 IV, 7,

INDEX.

1538,33 11881,9,147,5,57618,

1,10, 59 undis (11611 Ι.5,39 ΙΙ, 11,8,69. 70† 111‚1,3; 9,35. 37,

3, 91 ΙΙΙ, 6, 99 1v,' 9, 17, 10, 33

unde1,1,4·2;8,‘25. 61 111,5,1.57
ΙΙΙ, 1,91, 5, ΙΙ, 8,87, 9,1111.8,
19,3

undique Ι, 6, 33 ΙΙΙ, 4, 77

unguenta Ι, 9, 53

unguere I, 9, 47

ungula 1, 9, 110 ΙΙΙ, 8, 80

unicus Il, 9, 53 unica IV, 3, 16

unquam ΙΙΙ, 5, 11, 7, 31 ΙΙΙ, 6, 43,
8, 95,10,91

4, 60, 70 ΙΙΙ, 5, 98. 30, 10, 35 110-
518 Ι, 9, 49,8,97 ΙΙ,9,49.79,8,
67 ΙΙΙ, 9, 44;4, 67,5, 97,7,9,9,
61 ΙΙΙ, 14, 96. 47. 59

uotum IV. 8, 89, 13, 47 uoti Ι, 8, 79

ΙΙ, 8, 14 uoto ΙΙΙ, 9, 54 uotum Ι,
6, 48 1101811, 3, 97, 5, 76 IV, 6,
4,14,5 101111511811 1112, ¹
83,3,84 ΙΙΙ,6,7;9,79 110181,

8, 88 11,8,8.18;8,28;8,28; 10, >

49 lv, 4, 90, 9, 723 19, 50·

unus 11, 3, 81 111, 5, 93,6,5;9,34. uouere Ι, 6, 50 uotorum ΙΙΙ, 4, 89
44 111181, 9,4 ΙΙ,8, 66 111,9.49 110111,9,115, 9, 95 ΙΙ, 9, 93, 6,3

lv, 14, 58 111111111111,9, 87, 9‚5
1111111111, 3, 11 ΙΙΙ, 9, 91118 ι11118111
Ι,6, 17 unum ΙΙΙ, 1, 83 111181,
,7, 95 11, 9. 8 1111116188.) ΙΙ, 1, 8
1100011, 11, 9. 11 ΙΙΙ, 8,6 uocas IV,

ΙΙΙ,4, 93, 5,99, 9, 49 ΙΙΙ,4,37
1101181, 5, 39 ΙΙ, 1, 99, 5,59 ΙΙΙ, .
1,158 uoci IV, 7, 5 uoce II, 6,
1.17 ΙΙΙ, 1, 190. 154 ΙΙΙ, 3, 49, 6,
16,8, 99 uocem ΙΙ, 9,5 IV, 9, 53

3, 94 11018111,8,19,14,49 110· 118116118111)ΙΙ,9,38 1108881888.)

8811115, 90 ΙΙΙ, 19, 16 1108811, ΙΙ,9,119

10, 16 uocasset ΙΙΙ, 8, 69 11818118 1111181811 ΙΙΙ,7,94 urbisl,8,33.

1v‚13,9 1118111881 11917 39 ΙΙΙ, 2, 82 lv, 5, 2239, 36 ur-

uocanda (est) Ι, 6, 95 1158111111, bem ΙΙΙ, 3, 89, 5, 49 ΙΙΙ, 5, 7, 16,

5,19 11018ῑί IV, 4, 35, 5, 91 91 111581,1,99,3,38.70,4,47,

(erunt) 5, 73. 84 ΙΙ, 9, 8, 8, 19, 16, 56 ΙΙΙ,
Volesus.111‚2‚ 165 9, 79. 101, 4, 9 ΙΙΙ, 3, 39, 8, 86, 9,
ιιοΙοΙΙΙ,5,30 11181, 3, 31 111118, 193 urbes (n.) IV, 8, 33 urbes

6,561V,3,9.11 11111111,7,1 (1185111, 10, 91

11111181,1,19 11811111,9,34, 8, urere 111, 6, 49 111811,10,5

59, 73 ΙΙ, 9, 58 ΙΙΙ, 1,9 ΙΙΙ, 39, 111881,5,74

19, 45 1181181,2,6, 6,94 ΙΙΙ, 3, usquam IV, l5,1

168,6,33 ΙΙΙ,8, 19 uelitllI,3, usque I, 7,9,9, 90 ΙΙ,9,2 ΙΙΙ, 1,3,)

64;6, 38 uelintI,7‚8 11811811, Ν, 9,9;8, 18 .

1,8,9,94,10,90111,1,353711,1181181,5,7 usum 111, 6,47 usuII,

8.6; 9,99 1181181111,4,49, 919 5,7, 7,43 ΙΙΙ, 6, 53 ΙΙΙ, 3, 15,

ΙΙΙ,1,11 118118811,3,57 111, 1, 10,5

108 lv, 3, 6 uellet 111, 7, 38 uo· ut (compar.) Ι, 1, 9, 69. 10, 71, 72,

144111, 1, 94 uolent 111, 1. 64 2, 88. 91. 199. 128, 8, 5. 10.19;4,

11011111 ΙΙΙ, 5, 98 ΙΙΙ, 6, 3 uoluere
Ι, 5, 76 uolenti ΙΙΙ, 1, 111 ΙΙΙ,

uolucri ΙΙΙ, 3, 65

uoluntas Ι, 3, 93 ΙΙ, 5, 31 ΙΙΙ, 9,17,
4, 79

uoluens ΙΙΙ, 10, 49

uoluptas 1, 9, 51, 8, 39, 10, 33 ΙΙ, 7,
3. 73, 9,39 111,5,95 ΙΙΙ, 9,99,

uomer 11, 7, 43 ΙΙΙ, 10, 6 uomere
ΙΙΙ,9, 16

uomit 11, 10, 14 uomat IV, 19, 98

uos I, 1, 19, 9, 31, 3, 45, 5, 85; 8,31,
10, 3940 ΙΙ, 7, 79, 8, 68 ΙΙΙ,9,
715123 ΙΙΙ, 5,3, 14, 30 uestri
ΙΙΙ, 6, 43 uestrum IV, 6, 49 uo-
bis 111, 5, 33, 6, 45, 7, 3 ΙΙΙ, 5, 9.

11, 5, 5. 6. 13, 6, 95, 7, 15. 61 ΙΙ,
3, 9148. 59,5,69,6,5, 7, 39, 8,
19. 15, 9, 55. 57, 10, 1944 ΙΙΙ, 1,
63.103,3,16.71.109, 4,49.160,
5, 3. 93. 43, 9, 99 ΙΙΙ, 1, 99, 31. 33,
34, 9, 15. 17, 4, 38, 5, 11, 6, 47, 7,
9, 8,75,9,198 111 (tempor.) I,
6, 138, 97, 9,6 ΙΙ, 3, 97. 65, 5,97
ΙΙΙ, 4, 19, 7, 43 11111, coniunct.)
Ι·, 1, 37. 56. 63, 9, 3. 15. 37. 99. 103
bis. 193. 145. 150, 3,19. 13. 17. 96.
46. 78. 83. 93, 5, 9. 57, 6, 31. 33,
7, 19. 95 39. 50. 64, 8, 46. 60, 9,
44, 10, 18 ΙΙ, 1, 7. 9, 9, 94, 51. 60.
108, 3, 59. 77, 81. 98, 4,5, 17, 5,
36. 73, 6, 10, 7, 77, 8,3, 9, 33.
66. 76. 80, 11, 3 ΙΙΙ, l, 35. 38. 41.
45. 47. 75. 84185. 88. 90. 97. 98,

 

