160

155, 5, 11, 51 111, 4, 14. demere

111, 5, 9, 9,15 dempsit 11, 9, 78
dempto 1, 1, 30 dempti (11. s.) 1, 8,
74 demenda (est) ΙΙΙ, 1, 149

(155111151517, 16, 51

(15555 ΙΙΙ, 2, 51

(15515551, 1, 27, 2, 107 11, 1, 11, 4,
21,8, 63 ΙΙΙ, 4, 77,9, 47

INDEX.

111, 1, 131; 3, 53; 4, 1133 3, 11 11,
4, 41, 5, 15. 55, 5, 5, 1151 dis
(‹1.)1,4,33 111, 545 115555,
11, 1 1151551.) 1, 5, 55 151515

dexter IV, 16, 24 (1511151511, 2, 13

17, 7, 19. 43 dextra ΠΙ, 6, 3 17,
1, 12 dextrae (d) IV, 7, 43 dextri
Ι, 3, 57 17, 10, 29

dens dentis 1V,9, 28 (15515 ΙΙΙ,4,74 Dianae 1, 1, 41 ΙΙΙ, 2, 93
densus densal,4,36 17,9,24 (15555 (11515 Ι7,8,4 (115111, 5, 39 (115511

ΙΙΙ, 9,4 17,3,15 (1511551,8, 65
(1511551555.) 17, 7, 15 densius 1,
deposuisse 111, 2, 64 depositus ΙΙ,
2,43
deprecor Ι, 2, 57 111,4, 65
deprensa 17, 13, 13
(1555111 11, 4, 4 (1555151 17, 12, 42
(15551511, 7, 81 (15551515 17, 8 72
(1555151117, 6, 16, 16, 16 (15551-
5155511, 6, 22 (15551155 Ι, 3, 49
(1551651511, 1, 27, 841 ΙΙ, 9, 17
desinat IV, 12, 8 (155155 I, 6, 24 ΙΙΙ,
6, 42 17, 16, 48 (1551551511, 3,38
(15515151, 5, 3 (1551511 11 5, 47

‘ (155551515111, 7, 23

(15511155511119,18 (15511155151, 4,
34 111,2,16

(15555111, 8, 17 ΙΙΙ, 4, 76, 7, 1 IV,
8, 77 (1551117 9, 109 (15515111
3,13 111, 1, 101,4, 79 IV, 12,33
(15151111, 10, 38 111, 2, 18 defuerit
ΙΙΙ, 4, 24

deterior Ι, 4, 1 (151511511511, 2, 32

detinui IV, 19, 67

detrahe 11, 3, 15 17, 8, 29

(151155151111, 7, 15

(15115555 I, 8, 27

deuecta (555317, 7, 27

(15551151 IV, 14, 21

(15515111, 1, 27

(1555551 ΙΙ, 9, 41

III, l, 62 IV, 10, 36 (1155111111,
9, 39 17, 2, 29 (11555Π,5, 55 17,
4, 48 (1155151, 4, 52( ΙΠ, 1, 65,
3, 32. 49. 74, 5, 51 IV, 2, 4, 7, 45,

5,55;11,11;11,45;15,5;15,15; -

16, 45 (115111, 5, 37 17, 3, 21
dicam IV 19, 67 (1155511, 1, 68
111, 4, 98 (1155117, 9, 113 dixi
11717115132314,29
(111116438149231112
77,8,13,”92Ι,,74’19,13,27,39,
16, 23 (’1111515111,2,45 dixerit
11, 2, 29 ΙΙΙ, 9, 10 dixeritis IV,
5,45 dixisse ΙΙΙ,1, 9, 3, 65 dixis-
5511117, 3, 53 (1155111511, 5, 45
1115511511, 3, 66, 5,8 111, 1,44
(11511511, 1, 34 IV, 7, 42 (11555-
11111, 6, 37 (11511, 6,20, 7,4411,
4,31 111551111,7,11 (11515511,

5,49 IV, 1511 (1151110151) 111,
5, 3 (1151511155.) 111,4, 66 (11χ
sendo IV, 5, 17 (115151, 9, 3 II,
3,7

dictasti 111, 3, 29
(11015156151151,3, 12 ΙΙ, 8, 74 111,

5, 55, 515

eresi, 51. 55 11,1,11.45;15,51

ΙΙΙ, 6, 36 17, 4, 1. 38, 9, 112, 11,
19, 16 2 (1151111, 4, 58 ΙΙ, 2, 87
IV, 2 ,40 (11511, 1, 28 ΙΙΙ, 1, 40
17, 9, 860 (1151511117, 16, 15
die’sn’, 19, 38

deus1,2,71 11, 1, 55 111555, 5, 11115111, ’,1 1’1 11, 3 3 (11551111, 1,

1515 IV, 332 (511, 4, 44; 5,

139 dilati IV, 12, 17

46 ΙΙ, 8, 76 111, 4, 93 IV, 3, 56, (111651115 I, 6, 47 (1161511511,2,109
9,116,13,24 (1551,1,48 11, 9, 111, 5, 51 IV, 7,45 (1116510515)
21 (155(5111)1114,9417,9,108 1, 2, 68 (1161511551112,20111,
(151(5.),Ι 5, 70 11, 8 ,11† (155- 4 10

151111, 1, 29, 9,23, 19, 11 IV, 13, ‹liffdndere IV, 4, 9

47 (15111111, 1, 39 ΙΙ, 3, 68, 858 (11551511, 4,9 d1gestum1V, 8, 58

(1515(5111)111,5,5417,5,26 (1555 d1g1 um 11 3, 39 (1151115172, 24
1,1 2,6,2, 148, 6,26, 7,64, 9, 36, d1g1os 17,13 34, 14, 19

10, 44 ΙΙ, 1, 48, 2, 12. 90. 120, dignor dignere 1, 8,9 dignemur ΙΙ,
3,,1007, 19, 82928 52619 92311135515117123 .

24. 35, 10, 40, ΙΙΙ, 1, 199. 162, 2, dignusI, 1, 78, 9, 3711, 3, 32, 6,30
18,4 ,80 6, 16 IV, 4, 30 33 8 31 111, 8 3 (11311511, 2, 80. 88,

, ’21622 (1111632974 55591811111184646

Ι49,7,7 11, l, 353, 4, 5, 11, 26 30 (1181151111, 2, 1’1. 199 digdmd

 

