210

661661, 5, 54 1161666 11, 1, 37
661166616 ΙΙΙ, 1, 123

INDEX.

141,110,1 29. 67 6161611666 (d) ΙΙΙ,

6616611,3,86 6616 Ι,2,61 III, 9, 616111117,3,46
49 6616611,7,19Ι7,11,21 6611 616661, 2, 61 ΙΙ,8,13 ΙΙΙ, 6, 47;9,

11, 7, 23 111, 3,4 66166 (6) IV,
1,34 66161617,6, 23 6616161,
4, 26 1161611,8, 10 ΙΙΙ, 4,106
66161Π, 7, 24 uera (6.6.) 11, 2,
18,8,76111,1,46 66116Ι,4, 66
661661, 2,43 uera ΙΙ, 1, 68, 3,
7,6, 7,8,68 111,1,79,9, 19 IV,
2, 4 6611661166 (6.6.) 1, 10,6
uerissima (666.) 17, 14, 29 6616
I, 5, 31 III, 1, 34,2,2 17, 13,2

661616 (adu.) IV, 15, 31

Vestam IV, 13, 29

Vestalis IV, 7, l. 54

666161 IV, 6, 29 666116 Ι, 2, 66146,
3,85⁰ 11,3,73, 8, 64 ΙΙΙ,2, 36
666111111, 2, 27, 4, 38 66611661,
7, 68 ΙΙ, 2, 1.106 17,6,46 666116
ΙΙ, 6, 71 uestrum Ι7,14,30 666116
Ι, 7, 68 ΙΙΙ, 4, 13. 68. 71 666116
Ι, 2, 136 11, 2,8 ΙΙΙ, 2, 39 666116-
rum IV, 8, 46 66611161,2,149 ΙΙ,
9, 22 ΙΙΙ,4,6 Ι7,9,123, 13, 46
6661166 Ι, 2, 131, 19, 44 6661166
Ι, 2, 147,7, 48 ΙΙ,6,33,9,3 ΙΙΙ,
4,4 6661111118, 55 Ν,6, 18;9,
72;14, 24

666166 (666.) Π, 1, 31

66161 ΙΙ, 9, 74 ΙΙΙ, 6,11 17, 3, 23,
10, 73 6616111, 1, 12 66161 ΙΙ,9,
71 661111 (g) ΙΙΙ,3,67

66166 1, 8, 11 ΙΙ, 3,74 IV, 9, 92
6616111, 6, 63 ΙΙ, 6, 19 66161616

7.13 Ι7,14,8 616661,6,13 ΙΙ,
3, 92 111,1,11;16,16 111, 1,1.
8. 9, 9, 127 61661 ΙΙ, 2, 66. 82 17,
9, 66. 106; 13, 40 1116611166 ΙΙ, 8,
66 ΙΙΙ, 7, 26 uident Ι, 1, 68 ΙΙ,
8, 68, 11, 26 Ν, 9, 99 6166611111,
1, 48 616666 I , 4, 5 uideat Ι, 6,
33 uide ΙΙ,2, 64 1Π,1,46 IV,
12, 60 11166161, 2, 130, 3, 34 ΙΙ,
4, 8 ΙΙΙ, 1, 126 6166661611, 8,13
6166166 Ι,11 3, 27 1116616117, 6,
26 6166116111, 4, 46 6166611111
-1,68 IV, 9, 43 1111111, l, 69, 9,11
11,,161113,.379 6111111229,
7, 43 ΙΙ, 3, 83 61611666 II, 10123.
31 III, 4, 20, 6, 18 61616116111,
4, 23 6166166111, 4,19 uideris
1„29† 616611117,1, 16 616661
Ι,2,4611,,48,,819ΙΙΙ,6,,46
9,31 IV, 4, 27, 13, 8 61661161,
7,69 IV, 6, 31 61666161111, 8,
23 17, 3, 67 616661 ΙΠ,), 29
61666161, 6, 4 61661111, 3, 29 111,
2,19 17, 3,-9 6166611,10,44
111,3, 66 (eram). 66 Ν, 1,9 (6616)
uisa (est) Π, 10, 36 ΙΙΙ, 3, 18, 4,
48 17, 4, 12 616616 (661) Ν, 9,
39 61666 ΙΙ, 4, 11 61666111, 7, 11
6166 (6661) ΙΙ, 8, 72 616661, 10,

26 6166111418 6166666111 (acc.)

111, 1, 49 6166661 (g) IV, 5, 15
uidendi (6.)11,2, 91

II, 4, 33 6616161111,3,61 6616- 61361111, 8, 22 uigeant ΙΙ2 106

, 166 (666)1 3, 81 17, 14, 21
66166166111,1,116 Ν, 8, 49
uetusta IV 3, 11 66111616 (acc pl.)
66161611 111, 14, 37

uigilol, 10, 23 61ς116611,2, 44· 10,

ἓ3 4,13113111116,111, 3, 94 1116116161,

uigorl, 4, 3 ΙΙ,2, 70 6166166111,

4, 31

6161, 1, 64 II, 4, 20, 10, 36 IV, 5, 6111611, 8, 18 6116 (666.) IV, 13, 44

3126 611161,9,34111,3,21

611161111, 9, 46

IV, 5, 46 61661, 8, 44 616116 611161, 8, 70
12, 9, 62 61661, 4, 38 11, 7, 18, 61661061661661, 6, 31 6166166111,

10:34111,3‚78'1V‚4,16;5,34
61616117, 10, 34
61661611,10,61 ΠΙ, 2, 86, 6, 36
6161116611, 10, 36 61666 (1166.)
6161111611, 9, 79
uicinus 11161661, 8, 11 61616611, 2,

4,104 616616(616.,)111 1,15

uinco 61661111, 7, 76 61666111, 4,

3817, 10, 23 616111, 2, 123 11166-
111 1,ΙΙ 3, 62 6166616 ΙΙΙ, 1, 41
6166116117, 7, 63 6166111, 9, 46
616161, 2, 62, ·7, 48 11,2, 117 Ν,
10,8 111(11161,2,123

36 6161666111, 7, 66 ΙΙΙ, 2, 14’ 61666161, 2, 20 11, 1, 44 IV, 8,9

31656461, 3, 68 IV, 9, 82 61611161,

,11ηὲ161,,,2, 46 6166116(6111)111,

6161161611, 9, 26 IV, 8, 42, 9, 30. 84 6111616161, 7, 63 ΠΙ, 3,76, 6, 49 ΙΙ,

61616117, 7, 26 47, 8, 61 uictorem

8,60

 

