INDEX.

M.

11666111, 10,2 Ι7,16,6
Machaona ΙΙΙ, 4, 7

Machaoniis Ι, 3, 5 ’
6161161111, 1, 26 madent IV 7, 36
1661166617, 1, 30

2,193 6,19 1661161, 3, 4, 8,26.
74 ΙΙ, l, 64 ΙΙΙ, 6, 48 17, 12, 38,
14, 50 1116161, 49, 7, 69, 10, 16
1166 76180111110101
327, 7, 18 IV, 6, 44 16611642,
30.42,4,,648ΙΙ,15,732 1111
32. 84 IV, 8, 8

Μ6666161617 6, 27 116666161113 61616617, 14, 41 1661611, 386111, -

31 Μ666611617, 12, 27
Μ666111161ΙΙ, 2, 69
166616661, 9, 63
maestae 13) ΙΙ, 10, 11 16666116 ΙΙΙ,

1147 Ι7,13,15 1661661311 9
91 16611 16. p1.,)111 2, 20 61616
I,2,.64 103. 109; 6, 63 ΙΙ, 2, 101,
7, 2 ΙΙΙ,4, 76

2,31 maestos Ι, 10, 34 maestis mancipii Ι7,5,40

1613163181, 63, 3, 63. 85⁰3 5,62. 63,
6,;,208911,3,21.611)16.,616,
7,43.,,44949ΙΙΙ, 1, 31.7.1 76,

6166116Π, 6, 34 1666161111, 4, 3

6166161617, 12, 43 mandare IV
6,1.3 1666161111, 2, 41 1116611611
(acc.)11, 2, 121, 11, 23 ΠΙ, 2, 91

2, 19, 3, 72, 4, 43, 6, 12. 19. 29· 166661 1,Ι 2, 20 IV, 14, 60 manent

9, 23. 33 Ι7,9, 25. 33· 14, 35
magister ΙΙ, 10, 16 ΙΙΙ, 3, 48 166·

111, 2, 49 maneat 11, 5, 73 166·
116661 IV, 8, 10

316116111, 3, 23 magistro 111, 1666661,2,112 ΠΙ, 1, 109 ’

3, 69
magnanimi I, 3, 63

‘ ¹ ” 663616666ΙΙ,10,21’

manifestior Ι, l, 63
manat H, 6, 21 manantis Ι, 1,,68
mansuetas IV, 6, 28

1663666111, 9,23 IV, 9, 31 166366 16666617,9,11 1666116 13) Π, 10,7

I, 2, 73, 4, 26, 6, 16. 46, 8, 2, 9,
15 Π, 10, 29 ,,ΙΙΙ, 1, 43. 64, 4, 69,
7, 37 Ι7,6,41, 13, 48 16631111,
8, 17, 9, 61 ΙΙ, 5, 27 IV, 16,5
magnae II, 1, 29 IV, 5, 22 magno
I, 1, 48 1663611611666.) ΙΙΙ, 2, 96
166366 Ι, 2, 62, 8, 24 II, 8, 34 ΙΙΙ,
4, 63 17, 3, 41 magna III, 1, 69
1116366111, 3,88 166361 I, 5, 70
magnorum ΙΙ, 3, 47 ΙΙΙ, 3, 32 IV,

2,1 magnis 111, 4,9 magnis IV, marcescant 11, 9, 61 166166666161, ,

5, 26, 8, 36 magnos Ι, 6, 26, 9, 40

1666111611,6, 14 IV, 8, 82 166611
I, 1, 38, 2, 126, 3, 60, 4, 56, 5,·10,
6,42, 8, 22. 48. 57, 10, 12 ΙΙ,2,
10, 9, 68, 10,4. 14 ΠΙ, 1,96, 2,
66,3, 14,4, 1862 17, 1, 14. 323
7, 23, 12, 24 616666 (n.) ΠΙ, 3, 20,
4, 40, 5, 36 6166116 16661111, 2,
46100, 3, 16, 6, 46, 9, 22 11, 9,
74 ΙΙΙ, 2, 72, 4,4 IV, 2, 28, 6, 28,
8,76 ’

5, 45

II, 9, 35 III,1,162 166366 ΙΙ, 5, Μ616161,2, 138 ΙΠ,1,78
22ΙΙΙ,1,8717,8,88 6161611,1661·61,9,9 1661161Η,1, 20 IV, 6.

,3, 91, 4, 10,6, 17 ΙΙ, 2, 110, 8, 23
ΙΙΙ,6,26,’9,24 Ι7,7,18,16,3
16611161, 2, 98, 6, 641666.) Π, 2,

ρ6, 16, 21 16616 IV, 19, 38 mari

111, 8, 8 IV, 19, 10, 16, 14 16616
IV, 6, 46 16611617,11,16

16,8, 16 III,1,139 17, 3, 41· 8, 1661161111,,1 17 166116617, 10, 63

50, 16, 26 1661616 (666)ΙΙ 8, 7

6161166611, 10, 39

ΙΙΙ, 7, 25 IV, 8, 69 1661666617 6161116161111, 73 16611111Π,1,109

10, 67 1661116161, 2, 81, 5,,32 6 7

166111 1,116 8, Ι43

ΙΙ, 1, 46; 9, 13· 11, 28 Ι7, 16, 44 Μ61111617, 3, 47, 16, 24
16611166 1666. pl.) 17, 8, 37 166· marmores, 8, 35 ΠΙ, 6, 26 17, 8, 32

11116611, 1, 62 Ι7,2, 1
166166166118,3017, 856 61616616-
tem 111 1, 156 1v'‚ 9, 66 .

6611366617, 6, 7

Μ616 17, 7, 45 Martis 111, 6, 32

Μ61161, 8, 16 11, 9, 45 ΙΙΙ, 6, 35
IV„6 29, 7, 14

Marsus '1v, 16, 5

malo 1661116 17 8, 71 1661661 Ι7,,9 Μ61116611617, 14, 14

99 1661161 ΙΙΙ 6, 6

Μ61116Ι, 8, 24 17,,9 65 '

1661111111, 3, 18 46 ΙΙΙ, 9,16 mali 1661611, 4, 67 ΙΙ, 6, 15, 8, 41 III, 3,

1,,8417, 2, 32, 16, 50 malum
ΙΙΙ,2, 14 17, 4, 6 1661616161, 4,

87 1116116611, 1, 39 111, 3, 08
6161161113, 79 6161166117, 13, 29

¹ 19 11, 7, 6. 29. 45 ΙΙΙ, 9, 49 17, 1116161166 (g) IV 10, 72 6616116613)

 

