11111511. 155

155111 11, 10, 14 carebit Ι, 4, 18 caussa IV, 4, 9 caussas 1, 2,15
5515151, 2, 64 ΙΙΙ,Ι,38,7, 2. ’29 ΙΙΙ, 2, 71 lV, 7,12,10,37
caruisse 1, 3, 46 carens IV, 4, 7 55115 IV, 8, 80
551511111,3,47 55155155 (mil, 3, 551111ΙΙΙ,2,48 55551ΙΙ,7,1955-
-55 55155155 (555.) Ι, 9,9 551115- 115115 IV, 9, 51 55115151,3,44 ΙΙ,
155ΙΙΙ,5,41 2,83;6, 23 IV, 10, 58 5555111,
5511115 1, 4, 36 carina 111, 2, 67 ca· 3, 75 cesserat ΙΙΙ, 6, 48
11115511, 7, 59 , 5515551111555 ΙΙ, 10, 49 55151151111115
55151511 Ι, 1, 30 ΙΙ, 4, 13, 6, 34 IV, 1, Ι, 9, 25
1, 2,13.20. 34, 6, 18, 12, 4, 16, 9 5515111515 IV, 8, 87, 9, 116
carminis I, 5, 7 IV, 13,4 carmine celeri Ι, 2, 80 ΙΙΙ, 4, 114 IV, 9, 79,
11, 6,1 ΙΙΙ,1,61. 89;3, 31. 37,7, 16,16
511551, 54, 8, 34.47.53,10, Celso 1, 4, 91 (151551, 9, 44 Celso
71,11,2,14,1,16, 12 carmen Ι,9,1
ΙΙΙ, 4, 26, 46,5, 30, 6,2 551· 551155115ΙΙ, 5, 73 ΙΙΙ, 1,75 551155
mina Ι, 1, 24, 2, 132, 5, 5861, 8, Ι, 2,138
10, 9, 43 ΙΙ, 3, 77, 5, 9. 25. 71, 9, census Ι, 9, 39 5511555 (g) IV, 15, 14
51 ΙΙΙ, 3, 29, 4, 59. 65. 71, 6, 6, 55111511111Ι, 5, 24
9,2.8 carminibus ΙΙ, 1,63 IV, ceraI, 2, 56 ΙΙΙ, 7,6 IV, 9, 102
8,55,14, 16 55155 ΙΙ, 10,1 55151, 10, 28 55-
55111517,9,122 551115511Ι,4,62 155 ΙΙΙ, 1, 12
carpere III, 1, 64, 4, 74, 9,2 Ceraunia ΙΙ, 6,9
carpsit IV, 8, 32 1 Cerealia ΙΙΙ, 8, 11
Carus IV, 16, 7 Care IV, 13, 2. 39 Ceres ΙΙ, 9, 30
55155ΙΙΙ,3,19 5515ΙΙ,12,59 55- 5511151,5, 15 551515 Ι, 3, 19, 4,
151111Ι,3,15ΙΙ[,2,85 551512, 11,5,5 ΙΙΙ,6,30 55111111,2,5
50,8,32 5515ΙΙ,8,80 55151, 55111511, 3, 41 55155151,4, 49
4,50 55155111,2,21 5515111, ΙΙ,8, 19 IV, 4,13.27 5511151ΙΙΙ,
6, 52 551151ΙΙ,8,27 1ΙΙ,4, 17 4, 43 cernendus ΙΙΙ,5,49
5511551115Π,4, 21 IV, 10,3 55- certamen ΙΙ, 2, 85 ΙΠ, 2, 89 55115-
115511115 ΙΙΙ, 4, 51 mina Ι, 4, 15
Caspios Ι, 8, 13 certatim ΙΙΙ, 4, 53
Cassandreus ΙΙ, 9, 43 55115 Ι, l, 7. 65, 5, 78, 6,11 ΙΙ, 2,
casside IV, 7, 37 43101 11Ι,5, 44 IV, 5, 14,7, 7,
055151Π,11,-15 8, 24, 9,127,13,5
55511511, 9, 37 5551115ΠΙ, 3, 82 551155 ΙΙ, 1, 11,7, 28 ΙΙΙ, 6,9 certa
55511511, 2,11 ΙΙ, 7, 22 551155(1111ΙΙ,4,31 55115
castus castis I,1,18 castell, 1,33 1,3,20 55115111 ΙΙΙ,3,50 55115
55555 (g) 1, 5,55 55511151,3,62ΙΙ, IV, 13, 22 551115 IV, 10, 66 551·
6, 23 5551111, 3, 82 IV, 3, 36 ca· 1151Ι,2,6 ΙΙΙ,6,8 certissimus
sus (555.) Ι, 2, 43, 6, 2 ΙΙ, 10, 20. IV, 12, 39 certissima (u. 111.)ΙΙΙ,
39 ΙΙΙ,2,92 55515551[,7,24 4,27
55151115 ΙΙΙ, 13,45 55151111, 1, 33 5515155 ΙΙ, 8, 65 ’

55555 Ι, 3, 89 cessas ΙΙΙ, 4, 95 cessat IV, 10, 8 , .

555511, 1, 70 IV, 10, 5 55555151 5555515 ΙΙΙ, 7, 35 cessabo IV, 14,
ΙΙ,7,40 17 5555551111, 4,57 55555511
cauco 5555511, 3, 52 ΙΙΙ, 7, 32 IV, 2,5
55551ΙΙΙ,2,22 cauentIV,8, 46 551515 (11. f. 5.)Ι,7, 15, 8,8 55-

’ 55551,9,32 ΙΙ,4,32 ΙΠ,1,45. 1515(11.111.)ΙΙ,5,32 5515151555. ,

139 55551511, 8, 63 cauare IV, 111.) I, 2, 8 ΙΙ, 1, 35, 2, 6. 72 ΙΙΙ,

3,56 5555151ΙΙΙ,1, 101 cauta 2, 88,3,71,4, 53

ΙΙΙ,6,3 55511111, 2, 19 chaus IV,8, 57
555555Ι,4,7,5,25.60,7,28,10, 51511517,3,26,13,34 chartac ⁸

35 II, 2, 42. 52, 3, 54, 9, 15 ΙΙΙ, (g) IV, 13, 7 chartis III, 6, 52

1, 147, 3, 23. 27, 0, 56 ΙΙΙ, 1, 612, ΙΙΙ, 12, 27

14, 5, 46, 9, 40. 57, 12, 17, 13, 42 Charybdin IV, 10, 27, 14, 9

5555555 (g) Ι, 2, 68 caussam Ι, 7, Chionides III, 3, 41

66 ΙΙ, 2, 41 I·V,4, 40,6, 11,15, 41 Chiron ΙΙΙ, 3, 43

 

