INDEX.

ΙΙ,7,2 ΙΙΙ,2,2 ΙΙ1,7, 35, 9,3
missam 1,8,1 ΙΙΙ, 2, l missa
(ace.)I,3,60 11,5,9 ΙΙΙ,8, 24
missis 11, 8, 8
moderator 11, 5, 75

181

1101001111, 7, 19 10011 ΙΙΙ, 2, 86
111, 15, 30 morerer Ι, 2, 93 mo-
rietur 111, 2, 27 moriemur 1, 4, 43

Ι 10010111, 8, 12 01010101 ΙΙΙ, 4, 75

000001

moderetur ΙΙ, 9, 33 moderatus Ι, 8, morel, 1, 65⁰. 66⁰, 5, 44 ΙΙΙ, 1, 105

57 moderatam ΙΙ, 9, 77 01011010-

1101111, 6, 23 0011010110οΙ, 8, 71

’ 01011001οΙ,2,65

modice Ι, 7, 46 01011100 (0111.)ΙΙ,
5,7

IV, 10, 8 mortis I, 2, 15, 7, 10 ΙΙ,
3,42 ΙΙΙ,4,75 111,6,11, 7,12
1001111, 2, 28 10011010 Ι,2,57 (bis) ’
ΙΙ, 3, 41 100110 Ι, 5, 86, ΙΙΙ, l,
rmummummm

mmummmumummmommmmmLhwuw
3533& 31. 51.05(bis);9, 39 Π, 01011010 IV, 13, 25 II, 6, 33 mortalis

1, 54. 64, 2, 44. 73, 3, 7, 4, 13,-6,
35, 10,411110. 44 ΙΙΙ, 5, 33, 6, 59

(000.)Π1, 1, 150 mortalia ΙΙ, 8,
32 IV, 3, 55

lv, 2, 4, 3, 39, 8, 7. 21. 63. 73 1110, mortifera 111, 1, 26 ·
3, 36. 43. 75, 10, 20. 33, 12, 4. 39. mos 11101101, 5, 49 1001010 ΙΙ, 7, 39

44,14,1.61,15,40

modus IV, 6, 20 100115 Ι,5, 48, 6,
23 lv, 9, 88 modis IV, 7, 46, 10,
66, 13, 20, 16, 36 modos IV, 12, 6

11100010(000.)1,2, 17, 3, 77 111υο111-
11110(0111.)1, 8, 11 ΙΙ, l, 23

molis ΙΙ, 5, 28 mole ΙΙ, l, 51 IV,

1110111010οΙ, 2, 73

mollescunt 1, 5, 8

1001111 ΙΙ, 3, 89 100111011, 2, 115

molle Ι, 3, 32 100111 1, 3,19 mollem
ΙΙ, 7, 13 100110 111, 16, 32 molles
111, 3, 17 1110111οΙ, 2, 60 1001111100

’ (0111.) ΙΙΙ, 6, 13 01011101 Ι, 5,14
ΙΙΙ, 3, 84 IV, 6, 40 mollius IV,
4, 50, 12, 36 1110111101 IV, 14, 47

momentis ΙΙΙ, 5, 47 1001001110 (000.)
ΙΙ1,13,49

10010 Ι, 2, 18, 1, 68 11, 5, 54 111, 1,

135165, 4,106 111, 4, 35; 12,
11’111010οΙ11,2,104 111, 8, 19 ’
1001160011,5,13, 11, 27 ΙΙΙ, 2,
110 1001001, 6, 5, 9, 43 ΙΙ, 5,
44, 9, 42. 48 ΙΙΙ, l, 117, 3, 101
111, 14, 37 moribus 11, 8,,32 ΙΙΙ,
1,74

ωωο0οω0οω000

11100001 Ι, 10, 7, 1, 43 II, 2, 62
01000001111, 12, 31 mouere I, 2,
113 11, 2, 54 ΙΙΙ, 1, 100 01000010
Ι, 8, 6 10001111, 3, 69 1110011000
ΙΙ, 2, 12 mouere IV, 13, 35 mo-
1110001111, 2, 114 10000010 ΙΙ, 5,
15 1000000101 Ι, 5, 6 10010111,Ι
3,10111,14,16 010101,8,58 .
motorum III, 4, 891 100110 ΙΙ, 7,
27 1000001111(001)ΙΙΙ, 1, 120

moneo l, 1, 47 monendus (eram) ΙΙ, mox II, 5, 53

um

muliebre Ι, 3, 31

monimenta I, l,5 III, 5, 35 IV, multiplicat IV,9,67

14, 25
1000110 ΙΙΙ, 4, 113
monstris IV, 10, 25

01001111, 10, 24 1000101, 3,52 111011-
tes (ace.) 11, 1, 39 IV, 5, 41

Montano IV, 16, 11

· montanae ΙΙ,2,74

10010(0,)ΙΙ,5, 53, 10, 5 ΙΙΙ, 1,149,
2, 93,4, 53 IV, 7, 31,111,38 mo·
100 ΙΙΙ, 2, 16 moram ΙΙΙ, 3, 85
11101οΙ,2,38;3,26 11, 5, 48 IV,

multus IV, 7, 48 multum Ι, 3,13

,11,0,0; 5,10 1nuuoraou)u,e‚
26 IV, 10, 46 100111 (0001.) Ι,
10, 40 11101100 ΙΙΙ, 3, 20 multa
Ι, 2, 50. 125, 3, 860 1011111011, 7,
47 010110οΙ, 6, 39, 9, 37 ΙΙΙ, 1,
37, 2, 65,6, 27. 37 01011οΙ1,4,9
ΙΙΙ,9, 48 IV, 3,4S; 5, 37, 7, 50
bis, 9, 86 1001100111, 5, 10 1001110
Ι, 9, 38 II, 1, 25, 3, 11, 7, 26 ΙΙΙ,
6, 38, 3,5 IV, 13,9

8, 88311, 14;12, 14 morae IV, 10, mundus 111, 1, 128 IV, 14, 12 mundi

12 01010011, 6, 36 ΙΙΙ, 4, 36
’ morbos III, 9, 15

1000

mmmmummmmemrm

mordaci (abl.) 111, 3, 106 mordacius 1000110011, 3, 25

οὣᾎὲωωψμμο

moriar (coni.) Ι, 2, 17 ΙΙΙ, 9,38 1110-

100000 Ι, 3, 93 ΙΙ, 8, 3 111, 1, 36

10000110111, 12, 17 munus I, 7,23

1000000001οω0

 

