INDEX.

Su1111IV8 1. 89

sulcauimusl, 4, 35 ΙΙ, 10, 33

Sulmo IV 14, 49

suml, 2, 33. 34. 49. 129, 5, 32 43,
8,7ΙΙ3,81, 5,28, 7, 23,,30111
247491Ι7193531117
5585993141531519

,esII,3, 50.57,6, 30 31, 9,12.57,
10, 11. ,12. 49 ΙΙΙ, 1, 10, 3, 32, 8,3
IV, 7, 1, 13, 2 est innumeris Io·
eis. sumus I, 1, 77, 9,6 ΙΙ, 2, 119,
5, 66, 9, 64, 11, 3 ΙΙΙ, 1,79, 4,113,
7, 18 lV, 9, 89. 124 estis Ι, 10,
39 ΙΙΙ, 2, 25 sun11,3, 2836, 54,
8,‘47;10,28 II,1‚ 18. 65; 2, 14.
18, 3., 57, 4, 5, 5, 14. 23, 37, 7, 45.
56; 8, 21, 9, 59. 68, 10,17. 31 III,
1, 17. 103, 3, 28, 4, 39. 67, 89, 5,
9,8,5 Ι7,2,8. 19, 3,35, 4,14,

,555555555555

5555575155
55555551554555
’45555585Μ55
1ω5555555,
5555555555
5ΜΜΗΜΜ555
5555555555
55Μ75585555
5Πὼ25553955
aewuwffi536;7‚w;s
5569555565
5517955Μ55ξ5,
4ψ3 mmmmovv
8⁶91vmw2ae
34awsswnu6
5;5,5555

2.
6·
3,
1

4
5,
1
. 5
846 ,9 1

smusII 6,39 s1t1slV,5,11
sint Ι, 2, 61. 75, 3, 12, 6, 23, 10, 15
Π, 1, 54, 6, 16, 8, 38. 45 ΙΙΙ, 1,
’45. 148. 165, 2, 23, 4. 33. 71, 9, 41
IV, 8, 19, 9, 83, 10, 65, 12, 37, 13,
17 eramI. 7, 56 II„ 6, 10 ΙΙΙ, 3,
65 eras I, 6, 44; 7, 22 ΙΙ,2,102,
3, 32. 71 IV, 3,6; 6, 9, 13, 38
eratl, 3, 72. 82,4, 28. 37,5,7ΙΙ,
4,16 ΙΙΙ, 1, 106. 111, 2, 92, 3, 5.
42. 98,4,42. 50, 7, 38, 8,18, 9,
24. 44 IV, 2, 13, 3. 5, 4, 13, 7, 24.
48, 10, 80, 14, 46, 16, 4. 46 erant
III,3,8 essem 1, 6, 11 IV, 9, 9.
15, 21, 14, 43. 45 esses ΙΙΙ, 2, 108,
6,3 IV, 9, 29 essetl, 7, 41, 3,
72 ΙΙ,3,85,4,17 ΠΙ,1,53. 105.
110 IV, 1, 7; 2, 22, 9, 11. 14, 14,

87
Ι,

26

erit I, 1, 64, 3, 14, 8, 74, 10, 10.
42 Π, 2, 61. 86. 110, 3, 16, 4, 26,
5, 31, 6, 19. 32, 8, 18. 63, 9, 23
ΙΙΙ ,1, 3. 86. 133. l36; 2, 36, 4, 78,
6, 32. 53, 7, 10 IV, 4, 1824. 34,
5, 16,7, 4. 18,8, 34. 74;9, 58,11,
1,14,8,15,4 eritisn‚8‚68
erunt IV, 5, 21 esse Ι, 1, 10, 2, 6.
34. 94116. 122,3, 2. 832. 48. 67,

4,20,5,31.71,7,6.66,9,26.46, “

5555555555
555555555
5555555555
5555555555
5555ωω5μ55η
15555ω55555
5555555555
55555555555
5555555555
5555555555
ΙΜᾙ5555555.
5555555555545
55555555555
555551535555

suisti lv, 5, 23 ,51, 1, 36. 94,

4, 36,6, 2. 12, 7, 32. 56,9, 16. 25.
38, 10, 26 ΙΙ,·1, 4. 44; 2, 6, 3, 62.
70. 76. 78, 4, 12. 22, 7, 52. 60, 8,
14,10, 37,11, 15 ΙΙΙ, 1, 50. 98,
2, 60. 69. 88, 3, 4. 24, 76, 4,12. 83,
6 ,3ος 7, 26, 32, 9, 45. 5256 IV.
1, 23;2,14*.3,18.46;8,16.54,9,’
74, 10, 1418, 12, 17, 13, 36 fuere
ΙΙ, 10, 36 ΙΙΙ, 4, 20,5, 12 IV,10,
12, 13. 42 fuerim ΙΙ, 5.7 fueris
IV, 9, 51. 63 fuerit Ι, 7, 25 ΙΙ, 8,
6. 48, 9, 10 ΙΙΙ, 1,48143ο ΙΙΙ, 5,
46 fuerint Ι, 9, 32 fueram IV, 6,
12 fuerat ΙΙ, 3, 61, 11, 19 ΙΙΙ, 2,
53, 3, 37 IV, 3, 41; 9, 119, 14, 33
fuero IV, 6, 12 fuisset 1, 2, 88
ΙΙΙ, 4, 84 IV, 7, 13 fuisso 1, 2,11,
6, 4, 7, 18, 9, 12 ΙΙ, 1, 42. 52. 68,
2,98, 4, 32 ΙΙΙ, 2, 51, 5, 10 IV,

13, 25 futurus (eras) I, 6, 14 IV. .

8, 70 futuraI, 7, 42 ΙΙ, 7, 34 IV,
13, 50 futurum (est) II, 6, 33 fu·
turi IV, 1, 27 futura (n. pl. acc.)
1, 6, 32 ΙΙΙ, 5, 36, 7, 22 fore Ι,5,
39 ΙΙ,1,3 ΙΙ1,1,15517,5,40
fores ΙΙ, 3. 82 foret I, l, 33, 9, 18
ΙΙ, 9, 53 ΙΙΙ, 6.4 IV, 9, 22, 23.
38, 14, 62, 16, 5. 8 forent ΙΙ, 10,
10 IV, 16‚37

31 essenth, 1539 erol‚1,80 summa1‚8,4 Π,1,46, 7, 29 IV,

ΙΙ, 2, 44, 4, 34, 6, 4, 10, 44 ΙΙΙ, 2,

54

28, 6,56 IV, 1,22⁰; 6,44, 8, 30 summus summa lv, 8, 70, 16, 2

erisII, 6, 343 7, 28 ΙΙΙ, 1, 60. 77

summi IV, 3, 56, 4, 25 summo (d)

 

